2048
 0  1
 0 12
 0 49
 0 55
 0 62
 0 66
 0 69
 0 72
 1  2
 1 46
 2  3
 2 20
 2 40
 2 51
 2 71
 2 1384
 3  4
 3 15
 3 18
 3 38
 3 39
 3 44
 3 70
 4  5
 4 15
 4 46
 4 63
 5  6
 5 15
 5 31
 5 44
 5 54
 6  7
 6  9
 6 10
 6 12
 6 38
 6 44
 6 65
 7  8
 7 22
 7 30
 7 33
 7 40
 7 57
 7 62
 8  9
 8 45
 8 71
 9 10
 9 47
 9 58
 9 70
10 11
10 16
10 31
10 33
10 55
10 68
11 12
11 32
11 46
12 13
12 17
12 22
12 63
13 14
13 1713
14 15
14 31
14 37
15 16
15 17
15 21
15 34
15 37
15 38
15 60
15 68
16 17
16 22
16 28
16 66
17 18
17 23
17 42
18 19
18 20
18 24
18 28
18 52
18 60
19 20
19 22
19 46
19 61
19 62
19 72
20 21
20 33
20 34
20 35
20 37
21 22
21 27
21 32
21 47
21 72
22 23
22 27
22 63
23 24
23 34
23 51
23 61
24 25
24 36
24 64
25 26
25 55
25 69
25 1384
26 27
27 28
27 36
27 41
27 73
28 29
28 33
29 30
29 66
30 31
30 53
30 68
31 32
31 37
31 46
31 54
32 33
32 48
32 56
33 34
33 56
33 67
34 35
34 48
34 60
34 73
35 36
35 41
35 55
35 71
36 37
36 63
36 69
37 38
37 69
38 39
38 40
38 45
38 48
38 65
38 68
39 40
39 48
40 41
41 42
41 50
41 58
41 66
42 43
42 47
42 72
43 44
43 52
44 45
44 48
44 50
44 65
45 46
45 55
45 59
45 62
45 71
46 47
46 56
47 48
47 53
47 56
47 59
48 49
48 53
48 58
48 73
49 50
49 53
49 68
50 51
50 67
51 52
51 72
52 53
52 55
52 64
52 69
53 54
53 55
53 73
54 55
54 59
54 61
55 56
55 64
55 68
55 69
56 57
57 58
57 64
57 65
57 67
57 71
58 59
58 72
59 60
60 61
60 65
61 62
61 71
63 64
64 65
65 66
65 73
66 67
67 68
68 69
69 70
70 71
71 72
72 73
74 75
74 98
74 135
74 349
74 602
74 828
74 1414
75 76
75 363
75 614
75 943
75 1390
76 77
76 291
76 799
76 880
76 1305
76 1347
77 78
77 258
77 579
77 679
77 900
78 79
78 413
78 428
78 490
78 713
78 720
78 773
78 824
78 1028
78 1117
78 1314
79 80
79 697
79 952
79 1259
80 81
80 137
80 266
80 770
81 82
81 226
81 392
81 774
81 944
81 1182
81 1355
82 83
82 126
82 559
82 895
82 926
82 998
82 1195
82 1385
83 84
83 186
83 456
83 961
83 1193
84 85
84 195
84 805
84 838
84 966
85 86
85 300
85 488
85 540
86 87
86 199
86 210
86 455
86 722
86 1171
86 1303
87 88
87 275
87 320
87 957
87 1092
87 1103
88 89
88 761
89 90
89 351
89 994
89 1298
89 1385
90 91
90 725
90 994
90 1174
91 92
91 147
91 817
91 916
91 1221
92 93
92 699
92 782
92 861
93 94
93 447
93 835
93 914
93 1046
93 1049
93 1376
94 95
94 358
94 389
94 445
94 694
95 96
95 256
95 362
95 471
95 502
95 697
95 762
95 971
96 97
96 214
96 234
96 268
96 416
96 581
96 1328
96 1400
97 98
97 248
97 840
97 1273
98 99
98 289
98 591
98 715
98 1005
98 1123
99 100
99 102
99 268
99 986
99 1319
100 101
100 227
100 778
100 832
100 861
100 1209
101 102
102 103
102 312
102 475
102 656
102 685
102 996
102 1236
103 104
103 109
103 530
103 536
103 633
103 909
104 105
104 215
104 583
104 707
104 905
104 1049
104 1056
105 106
105 212
105 631
105 1283
106 107
106 301
106 350
106 601
106 702
106 968
106 1162
107 108
107 156
107 604
107 878
107 1334
108 109
108 165
108 898
108 1223
108 1238
108 1243
108 1358
109 110
109 349
109 950
109 1106
109 1193
110 111
110 761
111 112
111 161
111 523
111 974
111 1383
112 113
112 284
112 296
113 114
113 158
113 404
114 115
114 199
114 508
115 116
115 1083
115 1118
115 1368
116 117
116 785
116 903
116 984
116 1068
117 118
117 249
117 383
117 609
117 667
117 819
117 1108
117 1294
118 119
118 165
118 701
118 794
119 120
119 607
119 1183
120 121
120 315
120 491
120 1364
121 122
121 1200
122 123
122 624
122 750
122 853
122 1171
123 124
123 213
123 545
123 1064
123 1246
123 1256
124 125
124 270
124 280
124 317
124 626
124 686
125 126
125 934
126 127
126 323
126 780
126 926
126 1029
126 1182
127 128
127 842
127 1075
127 1134
127 1281
127 1284
127 1310
127 1391
128 129
128 720
128 936
128 1048
128 1105
128 1230
128 1368
129 130
129 508
129 1173
130 131
130 1363
131 132
131 565
131 625
131 808
131 1139
131 1323
132 133
132 1202
132 1250
132 1389
132 1391
133 134
133 506
133 602
133 745
133 799
133 1013
134 135
134 390
134 706
134 1000
134 1148
134 1313
134 1406
135 136
135 778
135 1116
135 1189
136 137
136 294
136 850
136 1079
137 138
137 401
137 548
137 1254
137 1256
137 1292
138 139
139 140
139 174
139 1035
139 1100
139 1247
140 141
140 234
140 538
140 548
140 925
140 979
140 1393
141 142
141 275
141 421
141 654
141 678
141 740
142 143
142 189
142 237
142 324
142 349
142 855
142 1266
142 1338
143 144
144 145
144 170
145 146
145 346
145 660
145 871
145 1193
146 147
146 569
146 651
146 696
146 769
146 1070
146 1280
146 1307
147 148
147 252
147 660
147 814
147 848
147 1243
148 149
148 730
148 1010
148 1130
148 1339
149 150
149 188
149 578
149 673
149 1012
150 151
150 360
150 600
150 1140
151 152
151 568
151 673
151 896
152 153
152 762
152 1352
153 154
153 432
153 890
153 1062
153 1134
154 155
154 1033
154 1276
154 1381
155 156
155 821
155 1098
156 157
156 161
156 250
156 489
156 623
157 158
157 623
157 1340
158 159
158 446
158 875
158 1029
158 1083
159 160
159 263
159 659
159 1043
159 1083
160 161
160 214
160 251
160 728
161 162
161 433
161 1229
161 1335
162 163
162 363
162 603
162 709
162 973
162 1148
162 1175
162 1341
162 1351
163 164
163 341
163 833
163 1201
164 165
164 492
164 608
164 1249
165 166
165 943
165 1147
165 1293
166 167
166 632
166 1320
167 168
167 262
167 762
167 794
167 942
167 1023
167 1262
167 1388
168 169
168 326
168 665
168 1064
169 170
169 377
169 1112
169 1119
170 171
170 382
170 384
170 462
170 1248
171 172
171 956
171 1296
171 1344
172 173
172 260
172 531
172 1210
172 1272
173 174
173 521
173 1167
174 175
174 209
174 293
174 526
174 841
175 176
175 880
176 177
176 228
176 285
176 332
176 639
176 728
176 861
176 1386
177 178
177 369
177 1258
178 179
178 501
178 972
178 1238
179 180
179 604
180 181
180 657
180 1053
180 1202
181 182
181 324
182 183
182 307
182 462
182 998
183 184
183 328
183 388
183 747
183 898
183 1201
184 185
184 856
184 1224
184 1234
184 1350
185 186
185 242
185 485
185 1010
185 1227
185 1265
185 1329
186 187
186 273
186 276
186 754
186 1078
186 1150
186 1181
186 1189
187 188
187 388
187 663
187 680
187 1098
187 1116
187 1280
187 1335
187 1357
188 189
188 246
188 304
188 352
188 529
188 833
188 1194
189 190
189 224
189 437
189 651
189 779
189 810
189 816
189 827
189 1295
190 191
190 1159
190 1366
191 192
191 295
191 357
191 635
191 1168
192 193
192 713
192 880
192 1140
192 1171
193 194
193 477
193 567
193 957
194 195
194 197
194 327
194 597
194 1082
195 196
195 395
195 579
195 1140
195 1224
195 1269
195 1331
196 197
196 264
196 720
196 748
196 1022
197 198
197 496
197 511
197 695
197 788
197 868
198 199
198 398
198 411
198 557
199 200
199 602
199 703
199 708
199 1237
199 1262
200 201
200 934
200 1288
200 1305
201 202
201 636
202 203
202 248
202 277
202 740
202 743
202 1045
202 1266
202 1319
203 204
203 355
203 932
203 1334
203 1391
204 205
204 856
204 920
205 206
205 823
205 1128
205 1339
206 207
206 411
206 953
206 955
206 1095
206 1386
207 208
207 210
207 921
207 1066
207 1183
207 1195
207 1350
208 209
208 343
208 495
208 632
208 665
209 210
209 554
209 1229
209 1323
209 1347
210 211
210 785
210 900
211 212
211 281
211 282
211 517
211 535
211 854
211 1145
212 213
212 260
212 416
212 974
212 1006
212 1228
213 214
213 232
213 509
213 810
213 1021
213 1139
214 215
214 232
214 655
214 657
214 862
214 1086
215 216
215 239
215 452
215 761
215 896
215 1155
215 1261
216 217
216 377
216 740
216 883
217 218
217 401
217 537
217 587
217 795
217 835
217 1148
218 219
218 341
218 1090
218 1156
219 220
219 430
219 522
219 891
219 1160
220 221
220 280
220 432
220 928
220 1100
221 222
221 725
221 734
222 223
222 594
222 1239
223 224
223 302
223 331
223 657
223 1047
223 1212
224 225
224 247
225 226
225 446
225 1043
226 227
226 1218
227 228
227 410
227 571
227 606
227 826
227 1127
228 229
228 351
228 722
228 886
228 1404
229 230
229 796
229 1184
229 1232
230 231
230 508
230 1046
230 1065
230 1108
231 232
231 573
231 685
231 776
231 997
231 1243
232 233
232 756
232 815
232 1115
233 234
233 1308
234 235
234 257
234 983
234 1062
234 1177
235 236
235 1029
236 237
236 284
236 557
236 764
236 765
236 788
236 937
236 985
236 1206
236 1217
237 238
237 324
238 239
238 262
238 275
238 293
238 739
238 754
238 1079
238 1092
238 1174
239 240
239 336
239 407
240 241
240 1150
240 1371
240 1392
241 242
241 675
241 744
241 804
242 243
242 287
242 385
242 615
242 665
242 743
242 1138
242 1335
243 244
243 1171
244 245
244 463
244 1064
244 1259
245 246
245 560
245 764
245 871
246 247
246 296
246 590
246 942
246 992
246 1242
247 248
247 291
247 366
247 643
247 984
247 1386
248 249
248 373
248 610
248 816
248 958
249 250
249 511
249 617
249 880
250 251
250 647
250 777
250 813
250 1362
251 252
251 409
251 1392
252 253
252 278
252 603
252 894
252 908
252 1092
252 1265
252 1274
253 254
253 1121
254 255
254 301
254 694
254 1011
254 1315
254 1384
255 256
255 782
255 1085
256 257
256 516
256 761
256 1166
257 258
257 597
257 1302
258 259
258 467
258 488
258 827
259 260
259 521
259 722
259 1287
259 1330
259 1377
260 261
260 279
260 334
260 358
260 836
260 1246
260 1265
260 1392
261 262
261 917
261 1005
261 1108
261 1199
262 263
262 350
262 1381
263 264
263 566
263 706
263 1297
264 265
264 353
264 595
264 842
264 1057
264 1106
264 1261
265 266
265 1008
266 267
266 386
266 785
267 268
267 380
267 542
267 611
267 945
268 269
268 432
268 474
268 688
268 870
268 1108
268 1288
269 270
269 439
269 1090
269 1162
270 271
270 272
270 389
270 423
270 807
270 1310
271 272
271 377
271 548
271 1249
272 273
272 303
272 1262
272 1368
273 274
273 740
274 275
274 1405
275 276
275 318
275 397
276 277
276 287
276 487
276 942
276 1089
276 1230
276 1332
277 278
277 386
277 412
277 805
277 860
277 1112
278 279
278 321
278 690
278 1301
279 280
279 490
279 1257
279 1310
279 1338
280 281
280 1062
280 1311
281 282
281 475
281 1071
282 283
282 484
282 1014
282 1297
283 284
283 506
283 611
283 977
283 1304
284 285
284 373
284 557
284 933
284 1088
284 1198
285 286
285 292
285 296
285 437
285 540
285 621
285 952
285 1408
286 287
286 509
286 616
286 1239
286 1301
286 1310
287 288
287 497
287 609
287 1204
287 1334
287 1369
288 289
288 421
289 290
289 644
289 750
289 1232
289 1236
290 291
290 382
290 393
290 463
290 526
290 620
290 972
291 292
291 950
291 1029
292 293
292 468
292 594
292 600
292 922
292 1031
293 294
293 576
294 295
294 789
295 296
295 340
295 527
295 958
295 1011
296 297
296 1132
296 1332
297 298
297 569
297 671
297 1130
297 1407
298 299
298 557
298 571
298 1153
298 1171
298 1289
299 300
299 1230
300 301
300 356
300 445
300 910
300 1292
301 302
301 668
301 1052
302 303
302 867
302 994
302 1043
302 1206
303 304
303 596
304 305
304 810
305 306
305 666
305 758
305 1100
306 307
306 315
306 1292
306 1322
307 308
307 587
307 960
307 1026
308 309
308 1128
308 1351
309 310
309 667
309 1159
309 1273
309 1295
310 311
310 386
310 674
310 792
310 822
310 1200
311 312
311 317
311 715
311 915
312 313
312 379
312 561
312 1075
312 1371
313 314
313 546
313 626
313 660
313 980
313 1218
314 315
314 547
314 661
314 1251
315 316
315 517
315 709
316 317
316 599
316 1190
316 1237
317 318
317 469
317 493
317 639
317 752
317 766
318 319
318 379
318 1300
319 320
319 1072
320 321
320 582
320 736
321 322
321 622
321 1052
321 1229
322 323
322 1310
323 324
323 734
323 772
323 827
323 944
324 325
324 508
324 533
324 812
324 1028
324 1342
325 326
325 412
325 520
325 604
325 766
325 1380
326 327
326 470
327 328
327 371
327 714
328 329
328 529
329 330
330 331
330 440
330 718
330 861
330 1005
331 332
331 401
331 1267
331 1288
332 333
332 460
332 539
332 1400
333 334
333 980
333 989
334 335
334 844
335 336
335 608
336 337
336 476
336 493
336 606
336 658
336 928
336 1185
336 1362
337 338
337 643
337 700
337 1236
337 1312
337 1317
338 339
338 1168
338 1188
339 340
339 424
339 804
339 829
339 1023
340 341
340 846
340 1095
340 1114
341 342
341 852
341 857
342 343
342 754
342 758
342 1063
342 1064
343 344
343 513
343 1075
344 345
344 1197
344 1351
345 346
345 497
345 548
345 856
345 974
345 1243
345 1282
345 1366
346 347
346 843
347 348
347 592
347 819
347 1022
348 349
348 651
348 753
348 779
348 1284
349 350
349 628
350 351
350 388
350 1306
350 1340
351 352
351 400
351 685
351 946
351 1079
351 1225
351 1272
352 353
352 591
352 1268
352 1332
353 354
353 517
353 801
353 1026
354 355
354 819
354 904
354 1234
355 356
355 460
355 766
355 954
355 1189
356 357
356 878
356 987
357 358
357 467
357 544
358 359
358 447
358 992
359 360
359 531
359 849
360 361
360 707
360 959
360 1138
361 362
361 596
362 363
362 502
362 528
362 792
362 799
363 364
363 651
363 655
363 739
363 795
364 365
364 660
364 751
365 366
365 751
365 756
366 367
366 391
366 1067
366 1202
366 1272
367 368
367 375
367 541
367 719
368 369
368 477
368 569
369 370
369 419
369 581
369 585
369 1394
370 371
370 962
371 372
371 779
371 921
371 1095
372 373
372 689
372 814
372 1083
373 374
373 535
373 675
373 1085
373 1395
374 375
374 497
374 649
374 1208
374 1297
375 376
375 556
375 714
375 1315
376 377
376 735
376 1020
376 1142
377 378
377 513
377 566
377 1033
378 379
378 911
378 1057
378 1094
378 1389
379 380
379 808
379 1104
379 1258
380 381
380 429
380 1051
381 382
381 687
381 758
381 1062
381 1093
382 383
382 515
382 934
383 384
383 439
383 971
383 1140
384 385
384 422
384 460
384 583
384 878
384 972
384 991
384 1120
384 1329
384 1351
385 386
385 562
385 1115
385 1139
385 1165
386 387
386 501
386 517
386 1031
386 1162
386 1398
387 388
387 769
387 1044
387 1180
388 389
388 401
388 537
388 600
388 654
388 1230
388 1250
389 390
389 844
390 391
390 665
390 901
390 1031
390 1143
390 1323
391 392
391 993
391 1310
392 393
392 560
392 618
392 649
393 394
394 395
394 517
394 666
395 396
395 656
395 702
395 805
395 1377
395 1410
396 397
396 515
396 758
396 772
396 787
396 944
397 398
397 402
397 891
397 1281
397 1375
398 399
398 677
398 1293
398 1294
398 1323
399 400
399 453
399 458
399 1115
399 1161
399 1297
400 401
400 761
400 1277
401 402
401 793
401 858
401 875
401 1264
402 403
402 552
402 893
403 404
403 609
403 1151
403 1282
403 1383
404 405
404 908
405 406
405 433
405 837
405 1136
405 1156
405 1384
406 407
406 649
406 723
406 1088
406 1186
406 1297
407 408
407 466
407 810
407 985
408 409
408 616
408 1129
409 410
409 1363
410 411
411 412
411 899
411 1158
412 413
412 912
412 1128
413 414
413 858
413 1087
413 1354
414 415
414 575
414 1263
414 1278
415 416
415 548
415 659
415 1034
415 1253
416 417
416 669
416 1373
417 418
417 493
417 1270
418 419
418 1277
419 420
419 645
419 723
419 807
419 810
419 1184
419 1217
420 421
421 422
421 869
421 992
421 1040
421 1248
421 1341
422 423
422 1296
422 1301
423 424
423 551
423 867
423 1328
424 425
425 426
425 469
425 1027
426 427
426 622
426 681
426 892
426 1108
427 428
427 855
427 868
427 1314
428 429
428 1292
429 430
429 881
429 1287
430 431
430 1116
431 432
431 902
432 433
432 437
432 674
432 809
433 434
433 456
434 435
434 1042
434 1387
435 436
435 669
435 763
435 1217
436 437
436 494
436 537
436 639
436 763
436 769
436 1115
436 1407
437 438
437 444
437 838
437 880
437 884
437 1148
437 1184
437 1272
438 439
438 608
438 931
438 1010
438 1026
438 1066
438 1078
439 440
439 489
439 780
440 441
440 668
440 790
440 1053
440 1066
441 442
441 645
441 864
441 1164
441 1383
442 443
442 491
442 526
442 792
442 940
442 1159
443 444
443 1404
444 445
444 963
444 969
444 1010
445 446
445 507
445 743
446 447
446 789
446 1339
447 448
447 486
447 629
447 708
447 1325
447 1394
448 449
448 1148
449 450
449 579
449 828
449 1264
449 1266
450 451
450 885
450 947
450 1222
451 452
451 561
451 672
451 842
451 874
451 1112
451 1214
452 453
452 604
452 821
453 454
453 707
453 1237
453 1244
454 455
454 660
454 709
454 798
454 1299
455 456
455 465
455 469
455 876
455 1158
455 1276
455 1313
456 457
456 793
456 801
456 957
456 1009
456 1221
457 458
457 842
457 857
457 935
457 984
457 1265
457 1407
458 459
458 734
458 1346
459 460
459 594
459 979
459 1392
460 461
460 1064
461 462
461 976
461 1072
462 463
462 693
462 768
462 1249
462 1270
462 1342
463 464
463 553
463 907
463 1074
463 1193
463 1318
464 465
464 561
464 829
464 947
464 1263
464 1333
465 466
465 510
465 934
465 959
466 467
466 843
467 468
467 1013
467 1072
467 1152
468 469
468 513
468 796
468 817
468 874
468 977
469 470
469 476
469 587
469 849
469 1251
470 471
470 688
470 955
470 1354
471 472
471 886
471 1049
472 473
472 907
472 1173
472 1242
473 474
473 708
473 1069
474 475
474 905
474 1015
475 476
475 566
475 686
475 716
475 1034
475 1152
476 477
476 494
476 668
477 478
477 548
477 687
477 712
477 746
477 1347
477 1394
478 479
478 1060
479 480
479 677
479 926
479 1390
480 481
480 610
480 1181
481 482
481 548
481 1092
481 1362
482 483
482 1301
482 1383
483 484
483 847
483 963
483 1154
484 485
484 755
484 1271
485 486
485 977
486 487
487 488
488 489
488 853
489 490
489 540
489 654
489 975
489 1214
490 491
491 492
491 1010
492 493
492 670
492 707
492 782
492 927
493 494
493 875
493 1317
494 495
494 848
494 1095
494 1100
494 1249
495 496
495 883
495 910
495 966
496 497
496 689
496 706
496 853
497 498
497 561
497 629
497 669
497 760
497 778
497 808
497 925
497 1230
498 499
498 835
498 856
498 902
498 1055
498 1155
498 1298
499 500
500 501
500 635
500 1024
500 1072
500 1093
500 1095
501 502
501 788
501 1103
502 503
502 540
502 589
502 674
502 1121
503 504
503 563
503 769
503 1158
504 505
504 654
504 745
505 506
505 574
505 844
505 848
506 507
506 634
506 732
506 844
506 1082
507 508
507 914
507 1089
507 1176
508 509
508 602
508 836
508 1282
509 510
509 1310
509 1329
510 511
510 993
510 1045
510 1151
511 512
511 651
511 872
511 926
511 929
511 1105
512 513
512 825
512 1018
512 1327
513 514
513 582
513 884
513 1123
514 515
514 640
514 972
514 1310
515 516
515 626
515 832
515 1117
515 1267
516 517
516 1296
516 1399
517 518
517 673
517 1066
518 519
518 1025
519 520
519 835
519 930
520 521
520 1081
520 1230
520 1239
520 1338
520 1408
521 522
521 826
521 975
521 1074
521 1167
522 523
522 723
522 806
522 813
523 524
523 620
523 668
523 727
523 875
524 525
524 861
524 920
524 950
524 1168
525 526
525 602
525 1129
525 1184
526 527
526 899
527 528
527 628
527 630
527 869
527 972
527 1190
527 1205
528 529
528 1321
529 530
529 986
529 1126
530 531
530 579
530 979
530 988
530 1262
530 1263
531 532
531 650
532 533
532 796
533 534
533 785
533 985
534 535
534 621
535 536
535 561
535 642
535 1386
536 537
536 547
536 662
536 832
536 956
537 538
537 1320
537 1362
538 539
538 677
538 808
538 849
538 1161
538 1244
539 540
539 582
539 1335
540 541
540 1332
541 542
542 543
543 544
543 646
543 735
544 545
544 746
544 1220
545 546
545 717
545 797
545 1272
546 547
546 950
547 548
547 610
547 1005
548 549
548 695
548 758
549 550
549 563
550 551
551 552
552 553
552 646
552 733
552 1182
552 1223
553 554
553 1146
553 1304
554 555
554 623
554 685
554 1101
555 556
555 1035
555 1175
555 1177
556 557
557 558
557 1109
557 1285
558 559
558 1123
558 1190
558 1344
559 560
559 566
559 770
559 802
559 1202
560 561
560 643
560 957
561 562
561 611
561 773
561 1221
562 563
562 956
562 1899
563 564
563 576
563 830
563 856
563 887
563 1044
563 1277
563 1387
563 1389
564 565
564 931
564 1285
565 566
565 667
565 682
565 1140
566 567
566 661
566 1074
566 1168
566 1337
567 568
567 1194
567 1255
568 569
568 921
569 570
569 942
570 571
570 755
570 1225
570 1285
571 572
571 669
571 1081
571 1189
572 573
572 648
572 891
572 1045
572 1099
572 1179
572 1405
573 574
573 691
573 772
573 1279
574 575
574 805
574 1047
575 576
575 761
575 985
576 577
576 1039
576 1168
577 578
578 579
578 776
578 849
579 580
580 581
580 880
580 1171
581 582
581 594
581 679
581 692
581 746
581 808
581 1081
581 1373
582 583
582 773
582 1280
583 584
583 1092
583 1120
583 1133
584 585
584 810
584 928
585 586
585 954
585 1097
586 587
586 697
586 703
586 742
586 884
586 1365
587 588
587 774
587 926
587 938
587 1185
588 589
588 915
588 1386
589 590
589 761
589 1108
590 591
590 871
590 1144
591 592
591 965
591 1028
591 1335
592 593
592 641
592 822
592 865
592 1299
593 594
593 884
593 935
593 1039
593 1167
594 595
594 1353
595 596
596 597
596 756
596 900
596 905
597 598
597 1230
598 599
598 644
598 995
599 600
599 712
599 1159
600 601
600 733
600 808
600 905
600 1315
600 1388
601 602
601 961
602 603
602 1014
602 1248
602 1347
603 604
603 657
603 992
604 605
604 1072
604 1314
605 606
605 1226
606 607
606 626
606 818
607 608
607 661
607 694
607 787
607 1280
607 1376
608 609
608 792
608 1122
608 1351
608 1398
609 610
609 627
609 791
609 889
609 894
609 929
609 1110
609 1173
610 611
610 1110
611 612
611 883
611 1278
612 613
612 1043
613 614
613 1016
614 615
614 799
614 876
614 1305
615 616
615 625
615 652
615 850
615 1060
615 1083
616 617
616 876
616 940
616 979
616 1401
617 618
617 1055
618 619
618 988
619 620
619 640
619 826
619 846
619 1208
620 621
620 1172
620 1403
621 622
622 623
622 692
622 1010
622 1353
623 624
623 932
623 1249
624 625
624 758
624 986
625 626
625 1178
625 1400
626 627
627 628
627 1277
627 1327
627 1382
628 629
628 1198
629 630
629 789
629 896
629 1351
629 1381
630 631
630 791
630 1274
631 632
631 671
631 1334
632 633
632 829
632 1075
632 1128
633 634
633 1069
633 1216
633 1376
633 1389
633 1393
634 635
634 786
634 861
634 1217
635 636
635 666
635 733
635 1178
636 637
636 1016
636 1087
636 1091
637 638
637 779
637 1073
638 639
638 786
638 1021
638 1280
639 640
639 814
640 641
640 1289
641 642
641 816
641 919
641 968
641 1085
641 1364
642 643
642 1197
643 644
644 645
645 646
645 1296
645 1347
646 647
646 683
646 1109
646 1250
647 648
647 1289
647 1318
648 649
648 704
648 1018
648 1214
648 1282
648 1338
649 650
649 699
649 1026
649 1095
649 1147
649 1361
650 651
650 869
650 1020
650 1285
651 652
651 756
651 879
651 941
652 653
652 1397
653 654
653 872
653 1115
653 1181
654 655
654 835
654 1375
655 656
655 920
655 1064
655 1391
656 657
656 1038
657 658
657 906
657 1303
657 1333
658 659
658 1044
659 660
659 735
659 828
659 961
659 1389
660 661
660 695
661 662
661 707
661 783
661 897
661 1047
661 1225
661 1398
662 663
662 802
663 664
663 1314
663 1321
664 665
664 912
664 1125
665 666
665 802
665 810
665 839
665 1183
665 1374
666 667
666 1276
666 1412
667 668
668 669
668 687
668 1375
669 670
669 1042
669 1178
670 671
670 820
670 991
670 1061
671 672
671 789
671 887
672 673
672 860
672 895
672 1108
673 674
673 804
673 874
673 1101
674 675
674 746
674 895
674 1363
675 676
675 692
675 705
675 1063
675 1234
676 677
677 678
677 804
677 826
677 1343
678 679
678 805
678 1034
678 1162
678 1303
678 1342
679 680
679 842
679 902
679 1237
679 1259
679 1317
680 681
680 736
680 750
680 905
680 1029
680 1216
680 1237
681 682
681 1081
681 1269
682 683
682 881
682 1389
683 684
683 860
684 685
684 1026
684 1043
685 686
685 739
685 835
685 1099
685 1130
685 1244
685 1330
685 1371
686 687
686 1243
687 688
687 1076
688 689
688 698
688 854
688 994
688 1330
689 690
689 803
689 909
689 1899
690 691
690 862
690 999
690 1330
690 1375
691 692
691 807
691 1092
691 1180
691 1239
691 1377
692 693
692 941
693 694
693 953
694 695
694 1177
694 1270
695 696
695 1368
696 697
696 1028
696 1363
697 698
697 1006
697 1180
698 699
698 770
699 700
699 954
699 1121
700 701
700 1109
700 1113
701 702
701 893
701 1111
702 703
702 724
702 737
702 875
702 1143
703 704
703 938
704 705
704 1390
705 706
705 1178
706 707
707 708
708 709
709 710
710 711
710 1198
711 712
711 796
711 1243
712 713
712 770
712 1081
712 1321
712 1337
712 1357
713 714
713 1278
713 1364
714 715
714 821
714 831
715 716
715 1210
715 1411
716 717
716 993
717 718
717 941
717 1112
717 1169
717 1225
717 1231
718 719
718 989
719 720
719 795
720 721
721 722
721 966
722 723
722 783
722 932
722 1063
723 724
723 1154
723 1171
724 725
724 904
725 726
725 761
725 873
725 980
725 1241
725 1331
725 1361
725 1391
726 727
727 728
727 1306
727 1352
728 729
728 812
728 1120
728 1283
729 730
729 822
729 957
729 1046
729 1116
729 1339
730 731
730 765
730 857
730 956
731 732
731 1359
732 733
732 1032
732 1374
733 734
733 1384
734 735
734 874
734 926
734 1334
735 736
735 1030
735 1384
736 737
736 889
736 996
736 1059
736 1171
737 738
737 753
737 1277
738 739
738 811
738 838
738 992
738 1018
739 740
739 821
739 1143
739 1376
740 741
740 831
740 866
740 1065
741 742
741 1095
741 1101
741 1305
742 743
742 1104
743 744
743 1078
743 1273
743 1314
744 745
744 786
744 827
744 1384
745 746
745 1123
746 747
746 848
746 1187
746 1411
747 748
747 844
747 979
747 1053
748 749
748 825
748 897
748 1288
749 750
749 1146
749 1168
749 1376
750 751
750 1081
751 752
751 918
751 1148
751 1393
752 753
752 889
752 1127
753 754
754 755
754 1406
755 756
755 1337
756 757
756 1107
756 1236
757 758
758 759
758 1176
759 760
759 835
759 859
759 1215
760 761
761 762
761 1095
762 763
762 928
762 1375
763 764
763 828
763 1091
763 1101
764 765
764 847
764 957
764 1094
764 1360
764 1370
765 766
766 767
766 907
766 1306
766 1406
767 768
767 1273
768 769
768 846
768 938
768 1083
769 770
769 846
770 771
770 835
770 1039
771 772
771 1019
771 1339
772 773
772 917
773 774
773 1066
774 775
774 885
774 1272
775 776
775 1329
776 777
776 825
776 897
777 778
777 1149
777 1156
778 779
779 780
779 1359
780 781
780 946
781 782
782 783
782 803
783 784
783 1032
783 1398
784 785
784 870
784 1082
784 1121
784 1239
785 786
785 1101
785 1105
786 787
786 1075
786 1101
787 788
787 940
787 993
787 1345
788 789
788 1034
788 1180
789 790
789 1078
789 1366
789 1413
790 791
790 1134
791 792
791 1292
792 793
793 794
793 950
794 795
794 901
794 979
795 796
796 797
796 888
796 913
796 1410
797 798
798 799
798 1118
799 800
799 922
800 801
800 829
800 924
800 1032
800 1067
800 1279
801 802
801 897
801 1350
802 803
802 1245
803 804
803 1079
803 1347
804 805
804 1207
805 806
805 874
805 981
805 985
805 1096
805 1123
805 1167
806 807
807 808
807 1158
807 1163
807 1188
807 1238
808 809
808 1060
808 1379
809 810
809 944
810 811
810 857
810 898
811 812
811 1045
812 813
812 1034
813 814
813 902
813 1137
813 1410
814 815
814 901
815 816
815 893
816 817
817 818
817 1400
818 819
819 820
819 1167
819 1189
819 1234
820 821
820 904
820 1313
820 1320
821 822
821 1013
821 1408
822 823
822 899
822 1028
822 1052
822 1232
822 1282
822 1352
822 1368
823 824
823 888
823 1191
824 825
824 1188
825 826
825 917
825 1257
826 827
826 1235
826 1278
826 1377
827 828
827 1087
828 829
828 1056
828 1387
829 830
829 1056
829 1341
830 831
830 841
831 832
831 1300
832 833
832 1113
833 834
833 1155
833 1240
834 835
834 1054
835 836
836 837
836 1047
837 838
837 979
837 1370
837 1373
838 839
838 1393
839 840
839 1299
839 1311
840 841
840 1159
841 842
841 859
841 1307
842 843
842 1281
843 844
844 845
844 929
844 1239
845 846
846 847
846 851
846 1237
846 1294
847 848
847 945
848 849
848 879
848 993
849 850
849 859
849 915
850 851
851 852
851 1168
852 853
852 896
852 937
852 1028
852 1034
852 1127
853 854
853 938
853 1115
853 1227
854 855
854 861
854 917
854 1082
854 1166
854 1190
854 1392
855 856
856 857
857 858
857 864
857 916
858 859
858 955
858 1280
859 860
859 1308
859 1329
860 861
860 989
860 1403
860 1410
861 862
862 863
862 1274
862 1291
862 1359
862 1368
863 864
863 1183
863 1301
864 865
864 1131
864 1203
865 866
865 1031
865 1133
866 867
866 995
866 1205
866 1229
866 1373
867 868
867 1193
868 869
868 1008
868 1085
868 1182
868 1186
869 870
870 871
870 971
870 1206
870 1245
870 1405
871 872
871 960
871 998
871 1019
871 1243
872 873
872 1132
873 874
873 961
874 875
875 876
875 1140
875 1319
875 1364
876 877
876 1063
876 1114
877 878
877 1057
877 1141
877 1273
878 879
878 1124
879 880
879 1322
880 881
881 882
882 883
882 1047
882 1161
882 1179
883 884
883 934
883 954
883 1167
883 1347
883 1380
884 885
884 919
884 971
884 1144
884 1264
885 886
886 887
886 1017
886 1144
886 1167
886 1361
887 888
887 1187
888 889
888 1077
889 890
889 1026
889 1298
890 891
891 892
891 895
891 1045
891 1081
891 1088
892 893
893 894
893 1237
893 1315
894 895
894 1292
895 896
895 918
895 959
896 897
896 1007
896 1035
896 1316
897 898
897 1102
897 1115
898 899
898 1087
899 900
899 1220
900 901
900 1187
900 1214
900 1369
901 902
901 903
901 919
901 1279
902 903
902 1141
902 1199
903 904
903 1034
903 1056
904 905
905 906
905 977
906 907
906 996
907 908
907 1188
908 909
908 1356
908 1379
909 910
910 911
910 1247
910 1339
911 912
912 913
912 942
912 1218
912 1292
913 914
914 915
915 916
915 1062
915 1080
915 1126
915 1142
915 1341
916 917
916 1183
916 1217
917 918
917 1067
917 1343
918 919
918 1008
919 920
919 1051
919 1118
919 1268
920 921
920 975
921 922
921 1137
921 1314
922 923
922 1096
922 1289
923 924
923 961
924 925
924 1341
925 926
925 1273
925 1305
926 927
926 1240
927 928
927 1028
927 1213
927 1261
928 929
929 930
929 1028
929 1051
930 931
930 1209
930 1219
931 932
931 957
931 1038
931 1088
931 1341
932 933
933 934
933 1327
934 935
935 936
935 1260
935 1302
936 937
936 1225
937 938
938 939
938 1112
939 940
940 941
940 1099
940 1208
941 942
941 1111
941 1223
941 1394
942 943
942 1033
942 1177
943 944
943 1032
944 945
944 1245
944 1367
945 946
945 1148
945 1152
946 947
946 1162
946 1272
947 948
947 1185
948 949
949 950
950 951
950 1051
950 1251
951 952
951 1139
952 953
952 1049
952 1171
953 954
953 1035
954 955
954 1114
954 1293
955 956
955 1002
956 957
956 1352
956 1370
957 958
957 1035
957 1279
958 959
958 1059
959 960
959 981
959 999
959 1049
959 1403
960 961
960 1258
961 962
961 985
961 987
961 1047
961 1333
962 963
962 1141
963 964
963 1122
963 1136
963 1181
964 965
965 966
965 1303
965 1321
966 967
966 1324
967 968
967 973
967 1269
967 1348
968 969
968 978
968 1039
968 1048
969 970
969 1267
970 971
970 1033
970 1368
971 972
972 973
972 1076
972 1140
972 1198
972 1348
972 1365
973 974
974 975
974 1168
975 976
975 1092
975 1209
976 977
977 978
977 1252
977 1381
978 979
978 1365
979 980
979 1009
979 1105
979 1225
979 1265
979 1372
980 981
980 1067
981 982
982 983
983 984
983 1290
984 985
984 1199
985 986
985 1144
986 987
986 1323
987 988
988 989
988 1209
989 990
989 1055
989 1288
989 1414
990 991
990 1152
991 992
991 1246
992 993
992 1129
993 994
993 1301
994 995
994 1075
995 996
995 1272
995 1294
996 997
996 1026
997 998
997 1074
997 1087
998 999
998 1131
999 1000
999 1229
999 1243
999 1295
1000 1001
1000 1094
1001 1002
1001 1136
1001 1214
1002 1003
1002 1025
1002 1112
1002 1380
1002 1391
1003 1004
1003 1173
1004 1005
1005 1006
1006 1007
1007 1008
1007 1374
1008 1009
1008 1234
1008 1371
1009 1010
1009 1365
1009 1395
1010 1011
1011 1012
1011 1341
1012 1013
1012 1037
1013 1014
1013 1103
1013 1323
1014 1015
1014 1183
1015 1016
1015 1143
1015 1203
1016 1017
1016 1202
1017 1018
1017 1173
1017 1397
1018 1019
1019 1020
1019 1162
1019 1337
1020 1021
1021 1022
1022 1023
1022 1412
1023 1024
1023 1082
1023 1375
1024 1025
1024 1095
1025 1026
1025 1101
1026 1027
1026 1082
1027 1028
1028 1029
1028 1200
1029 1030
1029 1271
1030 1031
1030 1284
1030 1309
1031 1032
1031 1170
1032 1033
1032 1045
1032 1070
1033 1034
1033 1155
1033 1218
1033 1259
1033 1392
1034 1035
1034 1159
1034 1334
1035 1036
1035 1275
1036 1037
1036 1047
1036 1219
1037 1038
1037 1078
1038 1039
1039 1040
1039 1054
1039 1330
1040 1041
1040 1091
1040 1257
1041 1042
1041 1309
1042 1043
1043 1044
1043 1373
1043 1376
1044 1045
1044 1212
1044 1218
1045 1046
1046 1047
1047 1048
1047 1343
1047 1350
1047 1391
1048 1049
1048 1209
1048 1292
1049 1050
1050 1051
1050 1082
1050 1134
1050 1192
1050 1312
1050 1326
1051 1052
1051 1092
1051 1103
1051 1215
1052 1053
1052 1149
1053 1054
1053 1381
1054 1055
1054 1073
1055 1056
1055 1117
1055 1395
1055 1396
1056 1057
1056 1185
1057 1058
1058 1059
1058 1387
1059 1060
1059 1125
1060 1061
1060 1089
1060 1232
1061 1062
1062 1063
1062 1407
1063 1064
1063 1329
1064 1065
1064 1082
1065 1066
1065 1180
1066 1067
1066 1315
1066 1388
1067 1068
1067 1223
1068 1069
1068 1254
1069 1070
1070 1071
1070 1307
1071 1072
1071 1298
1072 1073
1072 1305
1072 1413
1073 1074
1073 1211
1074 1075
1074 1155
1074 1197
1074 1374
1075 1076
1076 1077
1076 1215
1077 1078
1077 1162
1077 1254
1077 1267
1078 1079
1079 1080
1079 1187
1079 1303
1080 1081
1080 1276
1081 1082
1081 1412
1082 1083
1083 1084
1084 1085
1084 1323
1085 1086
1085 1385
1085 1408
1086 1087
1086 1332
1086 1364
1087 1088
1088 1089
1088 1110
1088 1342
1089 1090
1090 1091
1090 1196
1090 1335
1091 1092
1092 1093
1092 1371
1093 1094
1093 1400
1094 1095
1095 1096
1095 1361
1096 1097
1096 1249
1097 1098
1097 1118
1097 1176
1098 1099
1098 1360
1099 1100
1099 1327
1100 1101
1100 1299
1100 1397
1101 1102
1101 1225
1102 1103
1103 1104
1103 1358
1104 1105
1104 1403
1105 1106
1106 1107
1107 1108
1107 1232
1108 1109
1108 1184
1108 1289
1108 1310
1109 1110
1109 1234
1110 1111
1111 1112
1111 1243
1111 1303
1111 1375
1112 1113
1112 1371
1113 1114
1113 1364
1114 1115
1115 1116
1115 1337
1116 1117
1116 1224
1117 1118
1118 1119
1118 1277
1119 1120
1120 1121
1120 1269
1121 1122
1121 1410
1122 1123
1123 1124
1124 1125
1124 1385
1125 1126
1125 1369
1126 1127
1127 1128
1128 1129
1128 1192
1129 1130
1129 1341
1130 1131
1130 1340
1131 1132
1131 1138
1131 1403
1131 1409
1132 1133
1133 1134
1134 1135
1134 1308
1135 1136
1135 1388
1135 1400
1136 1137
1136 1351
1137 1138
1138 1139
1138 1337
1139 1140
1139 1291
1140 1141
1140 1263
1141 1142
1142 1143
1142 1335
1143 1144
1144 1145
1144 1311
1145 1146
1145 1194
1146 1147
1146 1250
1146 1292
1147 1148
1147 1209
1147 1243
1148 1149
1148 1150
1148 1303
1149 1150
1150 1151
1150 1248
1151 1152
1152 1153
1152 1157
1153 1154
1154 1155
1155 1156
1155 1341
1156 1157
1156 1254
1157 1158
1157 1211
1157 1289
1158 1159
1159 1160
1159 1274
1159 1280
1159 1332
1160 1161
1161 1162
1161 1268
1162 1163
1163 1164
1163 1247
1164 1165
1164 1221
1165 1166
1165 1364
1166 1167
1166 1253
1167 1168
1167 1237
1168 1169
1168 1264
1168 1320
1169 1170
1169 1230
1170 1171
1170 1236
1171 1172
1172 1173
1172 1367
1173 1174
1173 1334
1174 1175
1175 1176
1175 1285
1176 1177
1177 1178
1178 1179
1178 1371
1179 1180
1180 1181
1181 1182
1181 1342
1182 1183
1183 1184
1184 1185
1185 1186
1186 1187
1186 1330
1187 1188
1187 1292
1188 1189
1188 1341
1189 1190
1190 1191
1190 1257
1191 1192
1192 1193
1193 1194
1194 1195
1195 1196
1196 1197
1196 1217
1197 1198
1198 1199
1199 1200
1199 1208
1199 1313
1200 1201
1201 1202
1201 1377
1202 1203
1203 1204
1203 1286
1204 1205
1205 1206
1206 1207
1206 1289
1207 1208
1208 1209
1209 1210
1210 1211
1210 1236
1211 1212
1212 1213
1213 1214
1213 1252
1214 1215
1215 1216
1215 1224
1215 1399
1216 1217
1216 1290
1217 1218
1217 1315
1218 1219
1219 1220
1219 1254
1220 1221
1221 1222
1222 1223
1222 1374
1222 1399
1223 1224
1223 1346
1224 1225
1225 1226
1226 1227
1227 1228
1228 1229
1229 1230
1229 1393
1230 1231
1231 1232
1232 1233
1232 1409
1233 1234
1233 1306
1233 1368
1234 1235
1234 1343
1235 1236
1236 1237
1236 1383
1237 1238
1237 1324
1238 1239
1239 1240
1239 1305
1240 1241
1241 1242
1241 1259
1242 1243
1242 1300
1242 1331
1243 1244
1244 1245
1244 1402
1245 1246
1245 1371
1246 1247
1246 1409
1247 1248
1247 1376
1248 1249
1248 1291
1249 1250
1250 1251
1251 1252
1251 1343
1252 1253
1252 1343
1253 1254
1254 1255
1254 1318
1255 1256
1256 1257
1256 1377
1257 1258
1258 1259
1259 1260
1260 1261
1260 1328
1261 1262
1262 1263
1263 1264
1264 1265
1264 1325
1265 1266
1266 1267
1267 1268
1267 1351
1267 1394
1268 1269
1269 1270
1270 1271
1271 1272
1272 1273
1272 1289
1273 1274
1274 1275
1275 1276
1276 1277
1277 1278
1278 1279
1279 1280
1279 1363
1280 1281
1281 1282
1282 1283
1283 1284
1284 1285
1284 1413
1285 1286
1286 1287
1287 1288
1287 1355
1288 1289
1289 1290
1289 1351
1290 1291
1291 1292
1292 1293
1293 1294
1294 1295
1294 1332
1295 1296
1295 1299
1296 1297
1297 1298
1298 1299
1299 1300
1300 1301
1300 1343
1301 1302
1301 1387
1302 1303
1303 1304
1303 1367
1304 1305
1304 1352
1305 1306
1305 1390
1305 1414
1306 1307
1307 1308
1307 1343
1308 1309
1308 1314
1308 1342
1308 1397
1309 1310
1309 1358
1310 1311
1311 1312
1312 1313
1313 1314
1314 1315
1315 1316
1316 1317
1317 1318
1318 1319
1319 1320
1320 1321
1321 1322
1322 1323
1323 1324
1324 1325
1325 1326
1326 1327
1327 1328
1327 1375
1328 1329
1329 1330
1329 1386
1330 1331
1331 1332
1331 1352
1332 1333
1332 1392
1333 1334
1334 1335
1335 1336
1336 1337
1336 1405
1336 1410
1337 1338
1338 1339
1338 1388
1339 1340
1339 1382
1340 1341
1341 1342
1342 1343
1343 1344
1343 1355
1344 1345
1345 1346
1346 1347
1346 1408
1347 1348
1348 1349
1349 1350
1350 1351
1351 1352
1351 1395
1352 1353
1353 1354
1353 1377
1354 1355
1355 1356
1355 1365
1356 1357
1357 1358
1358 1359
1359 1360
1360 1361
1361 1362
1362 1363
1363 1364
1364 1365
1365 1366
1366 1367
1367 1368
1368 1369
1369 1370
1370 1371
1371 1372
1372 1373
1373 1374
1374 1375
1375 1376
1376 1377
1377 1378
1378 1379
1379 1380
1380 1381
1381 1382
1382 1383
1383 1384
1384 1385
1385 1386
1386 1387
1387 1388
1388 1389
1389 1390
1389 1414
1390 1391
1391 1392
1392 1393
1393 1394
1394 1395
1395 1396
1396 1397
1397 1398
1398 1399
1399 1400
1400 1401
1401 1402
1402 1403
1403 1404
1404 1405
1405 1406
1406 1407
1407 1408
1408 1409
1409 1410
1410 1411
1411 1412
1412 1413
1413 1414
1415 1416
1415 1657
1415 1701
1416 1417
1416 1439
1416 1775
1417 1418
1417 1660
1417 1671
1417 1784
1418 1419
1418 1525
1418 1645
1418 1803
1419 1420
1419 1434
1419 1561
1419 1784
1420 1421
1420 1543
1420 1618
1421 1422
1421 1467
1421 1630
1421 1710
1421 1772
1422 1423
1422 1534
1422 1557
1422 1577
1422 1586
1422 1601
1422 1665
1422 1687
1422 1719
1422 1725
1423 1424
1423 1438
1423 1704
1424 1425
1424 1595
1425 1426
1425 1476
1425 1661
1425 1731
1426 1427
1426 1431
1426 1678
1427 1428
1427 1465
1427 1519
1427 1520
1427 1577
1428 1429
1428 1467
1428 1665
1428 1714
1429 1430
1429 1630
1429 1669
1430 1431
1430 1458
1430 1496
1430 1499
1430 1653
1430 1746
1430 1751
1431 1432
1431 1572
1431 1581
1431 1592
1431 1639
1431 1697
1432 1433
1432 1664
1432 1725
1432 1750
1432 1754
1433 1434
1433 1622
1433 1746
1434 1435
1434 1466
1434 1556
1435 1436
1435 1621
1435 1627
1435 1676
1435 1721
1435 1760
1436 1437
1436 1530
1436 1538
1436 1567
1436 1662
1436 1770
1436 1798
1437 1438
1437 1470
1437 1511
1437 1621
1437 1735
1438 1439
1438 1512
1438 1593
1438 1758
1439 1440
1439 1597
1439 1662
1439 1670
1439 1679
1439 1724
1439 1744
1439 1760
1440 1441
1440 1445
1440 1489
1441 1442
1442 1443
1442 1541
1442 1544
1442 1580
1442 1734
1442 1765
1443 1444
1443 1564
1443 1613
1443 1704
1443 1734
1443 1779
1444 1445
1444 1511
1444 1513
1444 1649
1444 1683
1444 1809
1445 1446
1445 1461
1445 1564
1445 1690
1445 1700
1446 1447
1446 1520
1446 1531
1446 1629
1446 1790
1446 1795
1447 1448
1447 1457
1447 1474
1448 1449
1448 1539
1448 1762
1449 1450
1449 1496
1449 1596
1449 1747
1450 1451
1450 1553
1450 1590
1450 1593
1450 1609
1450 1733
1451 1452
1451 1497
1451 1523
1451 1595
1451 1597
1451 1600
1451 1706
1451 1764
1451 1802
1452 1453
1452 1467
1452 1470
1452 1531
1452 1587
1452 1622
1452 1658
1452 1662
1453 1454
1453 1490
1453 1506
1453 1661
1453 1690
1453 1797
1454 1455
1454 1671
1454 1728
1454 1752
1455 1456
1455 1551
1455 1646
1455 1741
1456 1457
1456 1460
1456 1477
1456 1705
1456 1769
1457 1458
1457 1648
1457 1683
1458 1459
1458 1530
1458 1534
1458 1639
1458 1663
1458 1701
1459 1460
1459 1658
1459 1809
1460 1461
1460 1465
1460 1683
1460 1684
1461 1462
1461 1471
1461 1698
1461 1742
1461 1809
1462 1463
1462 1520
1462 1533
1462 1795
1463 1464
1463 1605
1464 1465
1464 1561
1465 1466
1465 1621
1465 1769
1466 1467
1466 1566
1466 1658
1466 1674
1466 1675
1466 1735
1467 1468
1467 1519
1468 1469
1468 1795
1469 1470
1469 1540
1469 1625
1469 1660
1469 1754
1469 1786
1470 1471
1470 1597
1470 1716
1471 1472
1471 1576
1471 1654
1471 1666
1471 1682
1471 1732
1471 1790
1472 1473
1472 1511
1472 1676
1472 1736
1473 1474
1474 1475
1474 1476
1474 1514
1474 1662
1474 1702
1474 1715
1475 1476
1475 1500
1475 1617
1475 1719
1476 1477
1476 1549
1476 1558
1476 1573
1476 1677
1476 1704
1476 1754
1477 1478
1477 1762
1478 1479
1478 1496
1478 1513
1478 1591
1478 1674
1478 1763
1479 1480
1479 1621
1479 1775
1480 1481
1480 1506
1480 1657
1481 1482
1481 1659
1481 1663
1482 1483
1482 1563
1482 1625
1483 1484
1483 1532
1483 1654
1483 1739
1483 1772
1484 1485
1484 1671
1484 1680
1484 1705
1485 1486
1485 1600
1485 1640
1486 1487
1486 1603
1486 1687
1486 1809
1487 1488
1487 1527
1487 1669
1487 1803
1488 1489
1488 1501
1488 1560
1488 1719
1489 1490
1489 1775
1489 1799
1490 1491
1490 1526
1490 1554
1491 1492
1491 1704
1491 1810
1492 1493
1492 1537
1492 1549
1492 1587
1492 1696
1492 1757
1493 1494
1493 1498
1493 1506
1493 1708
1493 1747
1494 1495
1494 1670
1494 1690
1494 1752
1495 1496
1495 1523
1495 1707
1495 1796
1496 1497
1496 1516
1496 1530
1496 1579
1496 1610
1496 1671
1496 1705
1496 1706
1497 1498
1497 1507
1497 1560
1497 1592
1497 1737
1498 1499
1498 1733
1499 1500
1499 1515
1499 1521
1499 1586
1499 1599
1499 1622
1499 1750
1500 1501
1500 1551
1500 1596
1500 1677
1500 1728
1501 1502
1502 1503
1502 1642
1502 1675
1502 1745
1503 1504
1503 1540
1503 1564
1503 1568
1503 1599
1503 1801
1504 1505
1504 1595
1505 1506
1505 1638
1505 1662
1505 1678
1505 1769
1505 1794
1506 1507
1506 1522
1506 1615
1506 1647
1506 1794
1507 1508
1507 1678
1507 1706
1507 1771
1507 1800
1508 1509
1508 1537
1508 1555
1508 1626
1508 1658
1509 1510
1509 1655
1509 1752
1510 1511
1510 1568
1510 1621
1510 1698
1510 1709
1510 1798
1511 1512
1511 1563
1511 1616
1511 1721
1512 1513
1512 1628
1513 1514
1513 1570
1513 1590
1513 1664
1513 1694
1513 1772
1514 1515
1514 1552
1514 1576
1514 1580
1514 1582
1514 1649
1514 1746
1515 1516
1515 1700
1516 1517
1516 1559
1516 1731
1517 1518
1517 1575
1517 1617
1518 1519
1518 1556
1518 1600
1518 1662
1519 1520
1519 1689
1520 1521
1520 1547
1520 1718
1520 1735
1520 1785
1520 1789
1521 1522
1521 1529
1521 1701
1521 1755
1522 1523
1522 1618
1522 1633
1522 1653
1522 1715
1523 1524
1523 1622
1523 1656
1523 1668
1523 1759
1524 1525
1524 1721
1525 1526
1525 1548
1525 1574
1525 1577
1525 1787
1525 1806
1526 1527
1526 1571
1526 1690
1526 1731
1526 1743
1527 1528
1527 1547
1527 1747
1527 1785
1528 1529
1528 1627
1529 1530
1529 1591
1529 1782
1530 1531
1530 1547
1530 1625
1531 1532
1531 1590
1531 1618
1531 1662
1532 1533
1532 1548
1532 1559
1532 1727
1533 1534
1534 1535
1534 1539
1534 1557
1534 1614
1534 1687
1534 1807
1535 1536
1535 1654
1535 1680
1536 1537
1536 1676
1537 1538
1537 1787
1538 1539
1538 1543
1538 1567
1538 1583
1539 1540
1539 1663
1540 1541
1540 1612
1540 1617
1540 1629
1540 1666
1541 1542
1541 1680
1541 1722
1541 1732
1541 1794
1542 1543
1542 1544
1542 1575
1542 1644
1542 1703
1542 1737
1543 1544
1543 1562
1543 1726
1543 1806
1544 1545
1544 1618
1544 1700
1545 1546
1545 1642
1545 1659
1546 1547
1546 1660
1546 1663
1546 1668
1547 1548
1547 1659
1548 1549
1548 1553
1548 1740
1548 1777
1549 1550
1549 1753
1550 1551
1550 1621
1550 1632
1550 1634
1550 1684
1550 1799
1551 1552
1551 1630
1551 1647
1551 1734
1552 1553
1552 1663
1552 1691
1552 1710
1552 1754
1553 1554
1553 1613
1553 1675
1553 1765
1554 1555
1554 1611
1554 1686
1554 1804
1555 1556
1555 1586
1556 1557
1556 1589
1556 1698
1556 1699
1556 1750
1557 1558
1558 1559
1558 1754
1559 1560
1559 1711
1559 1782
1560 1561
1560 1636
1560 1701
1560 1722
1560 1756
1560 1758
1561 1562
1561 1739
1561 1746
1561 1789
1562 1563
1562 1694
1563 1564
1563 1632
1563 1770
1564 1565
1564 1603
1564 1604
1565 1566
1566 1567
1566 1767
1566 1794
1566 1795
1567 1568
1567 1675
1567 1725
1567 1762
1568 1569
1568 1675
1568 1685
1568 1704
1569 1570
1569 1607
1569 1703
1570 1571
1570 1711
1570 1737
1571 1572
1571 1583
1571 1693
1571 1777
1571 1779
1572 1573
1572 1618
1572 1717
1573 1574
1573 1743
1574 1575
1574 1603
1574 1628
1574 1697
1574 1789
1575 1576
1575 1631
1575 1671
1575 1727
1575 1740
1575 1751
1575 1755
1575 1773
1576 1577
1576 1709
1577 1578
1577 1593
1578 1579
1578 1635
1579 1580
1579 1789
1580 1581
1580 1643
1581 1582
1581 1585
1581 1653
1581 1794
1582 1583
1582 1603
1582 1650
1582 1716
1582 1718
1582 1758
1583 1584
1583 1697
1583 1718
1583 1759
1584 1585
1584 1756
1585 1586
1585 1592
1585 1717
1585 1741
1585 1791
1586 1587
1586 1788
1587 1588
1587 1788
1588 1589
1588 1652
1589 1590
1589 1654
1590 1591
1590 1623
1590 1637
1591 1592
1591 1687
1592 1593
1592 1769
1593 1594
1593 1630
1593 1688
1593 1757
1593 1761
1594 1595
1594 1810
1595 1596
1595 1675
1595 1724
1596 1597
1596 1634
1596 1665
1596 1702
1597 1598
1597 1646
1597 1787
1598 1599
1598 1695
1598 1714
1598 1769
1599 1600
1599 1734
1599 1737
1599 1797
1600 1601
1600 1607
1601 1602
1601 1628
1601 1641
1602 1603
1602 1625
1602 1700
1602 1739
1603 1604
1603 1627
1603 1713
1604 1605
1605 1606
1605 1744
1605 1757
1606 1607
1606 1744
1606 1751
1607 1608
1607 1647
1607 1653
1607 1712
1607 1770
1607 1787
1608 1609
1608 1801
1609 1610
1610 1611
1610 1742
1611 1612
1611 1622
1611 1650
1612 1613
1613 1614
1613 1785
1613 1795
1614 1615
1614 1619
1614 1731
1615 1616
1615 1732
1616 1617
1617 1618
1617 1671
1617 1746
1618 1619
1618 1658
1618 1713
1619 1620
1620 1621
1620 1647
1620 1761
1620 1765
1620 1809
1621 1622
1622 1623
1622 1684
1623 1624
1623 1678
1623 1756
1624 1625
1624 1709
1625 1626
1625 1747
1625 1755
1626 1627
1626 1715
1626 1716
1626 1761
1627 1628
1628 1629
1628 1687
1628 1805
1629 1630
1629 1638
1630 1631
1630 1675
1630 1705
1630 1796
1630 1802
1631 1632
1632 1633
1632 1739
1632 1742
1633 1634
1633 1694
1633 1765
1634 1635
1634 1744
1634 1752
1634 1764
1634 1765
1635 1636
1635 1684
1635 1741
1636 1637
1637 1638
1637 1677
1637 1696
1638 1639
1638 1653
1638 1668
1638 1676
1638 1780
1639 1640
1639 1685
1640 1641
1640 1771
1641 1642
1641 1655
1641 1672
1641 1746
1641 1808
1642 1643
1642 1686
1642 1692
1643 1644
1643 1657
1643 1679
1643 1751
1644 1645
1644 1708
1645 1646
1645 1653
1645 1728
1645 1777
1646 1647
1646 1658
1646 1665
1647 1648
1647 1771
1648 1649
1649 1650
1649 1771
1649 1786
1650 1651
1650 1707
1651 1652
1651 1763
1652 1653
1653 1654
1653 1713
1653 1723
1654 1655
1654 1729
1655 1656
1655 1793
1656 1657
1656 1711
1657 1658
1657 1724
1657 1777
1658 1659
1658 1661
1658 1752
1659 1660
1659 1729
1660 1661
1661 1662
1662 1663
1662 1679
1663 1664
1663 1768
1664 1665
1664 1800
1665 1666
1666 1667
1666 1679
1666 1680
1667 1668
1668 1669
1668 1672
1668 1678
1668 1725
1668 1782
1669 1670
1669 1708
1670 1671
1670 1700
1670 1808
1671 1672
1671 1714
1672 1673
1672 1729
1672 1787
1673 1674
1673 1727
1673 1732
1674 1675
1674 1680
1674 1694
1674 1781
1675 1676
1675 1772
1675 1791
1676 1677
1676 1742
1676 1786
1677 1678
1677 1784
1678 1679
1679 1680
1679 1726
1680 1681
1681 1682
1681 1731
1682 1683
1682 1715
1682 1765
1683 1684
1684 1685
1684 1719
1685 1686
1685 1722
1685 1730
1686 1687
1687 1688
1688 1689
1688 1740
1688 1747
1689 1690
1690 1691
1691 1692
1692 1693
1693 1694
1693 1731
1694 1695
1694 1705
1695 1696
1695 1763
1696 1697
1696 1786
1697 1698
1698 1699
1698 1746
1698 1761
1699 1700
1699 1703
1699 1722
1700 1701
1700 1711
1702 1703
1702 1725
1702 1738
1703 1704
1703 1730
1704 1705
1705 1706
1705 1795
1706 1707
1707 1708
1707 1757
1707 1798
1708 1709
1709 1710
1709 1810
1710 1711
1710 1741
1711 1712
1712 1713
1713 1714
1713 1730
1714 1715
1714 1748
1714 1754
1714 1775
1714 1807
1715 1716
1716 1717
1716 1772
1717 1718
1718 1719
1719 1720
1719 1728
1719 1762
1720 1721
1720 1725
1721 1722
1722 1723
1722 1754
1723 1724
1724 1725
1724 1748
1725 1726
1725 1731
1725 1766
1726 1727
1726 1745
1726 1754
1726 1810
1727 1728
1727 1788
1728 1729
1728 1732
1729 1730
1730 1731
1731 1732
1731 1771
1731 1797
1731 1809
1732 1733
1733 1734
1734 1735
1734 1739
1735 1736
1736 1737
1737 1738
1738 1739
1738 1780
1739 1740
1740 1741
1740 1753
1740 1810
1741 1742
1742 1743
1743 1744
1743 1777
1744 1745
1744 1761
1745 1746
1746 1747
1747 1748
1748 1749
1749 1750
1750 1751
1751 1752
1752 1753
1753 1754
1753 1755
1754 1755
1755 1756
1755 1794
1756 1757
1757 1758
1757 1782
1758 1759
1759 1760
1760 1761
1761 1762
1762 1763
1763 1764
1764 1765
1765 1766
1766 1767
1767 1768
1768 1769
1769 1770
1770 1771
1770 1772
1771 1772
1772 1773
1772 1800
1773 1774
1773 1794
1774 1775
1774 1805
1774 1809
1775 1776
1776 1777
1777 1778
1778 1779
1779 1780
1780 1781
1781 1782
1782 1783
1783 1784
1784 1785
1785 1786
1785 1799
1785 1801
1786 1787
1787 1788
1788 1789
1789 1790
1790 1791
1791 1792
1792 1793
1793 1794
1794 1795
1795 1796
1796 1797
1797 1798
1798 1799
1799 1800
1800 1801
1801 1802
1802 1803
1803 1804
1804 1805
1805 1806
1806 1807
1807 1808
1808 1809
1809 1810
1811 1812
1811 1884
1811 2047
1812 1813
1813 1814
1813 1878
1813 1931
1813 1979
1813 1995
1813 2006
1813 2034
1814 1815
1814 1822
1814 1837
1814 1935
1814 2028
1815 1816
1815 1830
1815 1861
1816 1817
1816 1852
1816 2011
1816 2020
1817 1818
1817 1999
1818 1819
1818 1829
1818 1844
1818 1871
1818 1907
1818 1984
1818 2001
1819 1820
1819 1827
1819 1912
1820 1821
1820 1860
1820 1877
1820 1879
1820 1963
1820 1982
1820 2006
1820 2041
1820 2043
1820 2047
1821 1822
1821 1825
1821 1865
1821 1943
1821 1963
1821 1967
1821 2003
1821 2018
1822 1823
1822 1879
1822 1885
1822 1900
1822 1906
1823 1824
1823 1853
1823 1925
1824 1825
1824 1891
1825 1826
1825 1877
1825 2013
1826 1827
1826 1841
1826 1874
1826 1946
1826 1965
1827 1828
1827 1846
1827 1887
1827 1919
1827 2033
1828 1829
1828 1879
1828 1937
1829 1830
1829 1932
1829 1986
1830 1831
1830 1840
1830 1863
1830 1959
1830 1965
1831 1832
1831 1862
1831 1876
1831 1888
1831 1941
1831 1971
1831 2005
1831 2024
1832 1833
1832 1840
1832 1875
1832 1880
1832 1990
1832 2043
1833 1834
1833 1884
1833 1924
1833 1980
1833 2040
1834 1835
1834 1838
1834 1865
1834 1992
1834 2017
1835 1836
1835 1837
1835 1851
1835 1860
1835 1886
1835 1970
1836 1837
1836 1891
1837 1838
1837 1846
1837 1853
1837 1872
1837 1905
1837 2046
1838 1839
1838 1892
1838 1906
1838 1970
1838 1990
1838 2036
1839 1840
1839 1958
1839 2013
1840 1841
1841 1842
1841 1844
1841 1972
1841 2011
1841 2038
1842 1843
1842 1901
1842 1970
1842 1993
1842 2038
1842 2042
1843 1844
1843 1911
1843 1962
1844 1845
1844 1900
1844 1921
1844 1962
1844 1983
1844 2002
1844 2039
1845 1846
1845 1967
1845 2033
1845 2046
1846 1847
1847 1848
1847 1865
1847 1897
1847 1919
1847 1962
1847 1977
1847 2007
1848 1849
1848 1875
1849 1850
1849 1912
1849 1932
1849 1950
1849 2010
1849 2023
1850 1851
1850 1918
1850 1974
1850 2024
1851 1852
1851 1867
1851 2021
1851 2028
1851 2035
1852 1853
1852 1901
1853 1854
1853 1955
1853 1959
1853 1994
1853 2035
1853 2042
1854 1855
1854 1865
1854 1877
1854 1890
1854 1918
1854 1926
1854 1965
1854 1967
1855 1856
1855 1862
1855 1991
1855 1996
1855 2028
1856 1857
1856 1859
1856 1882
1856 1888
1856 1976
1857 1858
1857 1874
1857 1923
1857 1971
1857 2039
1858 1859
1858 1862
1858 1876
1858 1966
1859 1860
1859 1881
1859 1885
1859 1951
1860 1861
1860 1918
1860 1925
1861 1862
1861 1954
1861 2025
1862 1863
1862 1880
1862 1892
1862 1936
1862 1981
1862 1984
1863 1864
1863 1888
1863 1889
1863 1965
1863 1983
1863 2000
1863 2021
1864 1865
1865 1866
1865 1901
1865 1925
1866 1867
1866 1914
1866 1994
1867 1868
1867 1951
1867 1958
1867 1970
1868 1869
1868 1885
1868 1956
1868 2023
1868 2028
1869 1870
1869 1915
1870 1871
1870 1919
1870 2011
1870 2026
1871 1872
1871 1924
1871 1962
1871 1973
1871 2010
1872 1873
1872 1881
1872 1945
1872 2037
1873 1874
1873 1935
1873 1959
1873 1962
1874 1875
1875 1876
1875 1886
1875 1907
1875 1948
1875 1965
1875 1997
1875 2005
1876 1877
1876 1908
1876 1911
1876 1990
1877 1878
1877 1925
1877 1958
1877 2015
1878 1879
1879 1880
1879 1889
1879 1891
1879 1938
1879 1985
1879 1993
1880 1881
1880 1897
1880 1903
1880 2037
1881 1882
1881 1941
1881 1992
1881 2009
1882 1883
1883 1884
1883 1892
1883 1904
1883 2003
1883 2027
1884 1885
1884 2025
1884 2037
1885 1886
1885 1947
1885 1952
1886 1887
1886 1914
1886 1928
1886 1973
1886 2003
1886 2011
1887 1888
1887 1934
1887 2039
1888 1889
1888 1897
1888 1947
1888 1980
1888 2030
1889 1890
1889 1894
1889 1991
1889 2027
1890 1891
1890 1929
1890 2027
1891 1892
1891 1897
1891 2028
1892 1893
1893 1894
1893 1972
1894 1895
1894 1912
1894 1950
1895 1896
1895 1972
1895 1978
1896 1897
1896 1905
1896 1910
1896 1912
1896 2032
1896 2045
1897 1898
1897 1988
1898 1899
1898 1938
1898 1998
1898 2032
1899 1900
1899 1916
1899 1917
1899 1986
1900 1901
1900 1922
1901 1902
1901 1912
1901 2042
1902 1903
1902 1923
1902 1976
1902 1987
1903 1904
1903 1913
1903 1915
1904 1905
1904 1923
1904 1943
1905 1906
1905 1931
1905 1946
1905 2025
1906 1907
1906 2010
1907 1908
1907 1968
1907 2005
1907 2010
1907 2038
1908 1909
1908 1949
1908 1958
1908 2031
1908 2045
1909 1910
1909 1927
1909 1936
1909 2003
1910 1911
1911 1912
1911 1957
1911 1966
1911 2009
1911 2012
1912 1913
1912 2009
1913 1914
1913 1925
1913 1979
1913 2001
1914 1915
1914 1920
1914 1949
1915 1916
1915 1998
1915 2037
1916 1917
1916 1931
1916 1942
1916 2019
1916 2021
1916 2025
1917 1918
1917 2001
1918 1919
1918 1999
1918 2017
1919 1920
1919 1961
1919 1980
1919 1981
1919 1982
1919 2028
1920 1921
1920 1966
1920 1981
1920 2046
1921 1922
1921 1952
1921 1972
1921 2001
1922 1923
1922 1962
1923 1924
1923 1937
1923 1943
1923 1994
1923 2005
1923 2012
1923 2019
1924 1925
1924 1971
1924 2024
1925 1926
1925 1948
1925 2029
1926 1927
1926 2011
1927 1928
1928 1929
1928 2005
1929 1930
1929 1984
1930 1931
1930 1997
1930 2002
1931 1932
1931 2040
1932 1933
1932 1982
1932 1986
1932 1993
1932 2022
1933 1934
1934 1935
1934 1980
1934 2009
1935 1936
1935 1938
1935 1957
1935 1964
1936 1937
1936 1963
1936 1970
1936 1999
1936 2041
1937 1938
1937 2006
1937 2030
1938 1939
1938 1995
1939 1940
1939 1942
1940 1941
1940 1966
1940 1988
1940 1989
1940 2038
1941 1942
1941 1945
1941 1988
1942 1943
1942 2015
1943 1944
1943 1972
1944 1945
1944 2023
1945 1946
1945 1960
1945 1990
1945 2041
1946 1947
1946 1990
1946 2001
1946 2024
1946 2041
1947 1948
1947 1985
1947 1989
1947 2041
1948 1949
1948 1960
1949 1950
1949 1957
1949 2036
1950 1951
1951 1952
1951 1953
1951 2003
1951 2034
1952 1953
1953 1954
1953 1958
1953 1965
1954 1955
1954 1961
1954 1967
1954 1969
1954 2014
1955 1956
1955 1963
1955 1977
1955 1980
1956 1957
1957 1958
1958 1959
1959 1960
1960 1961
1960 1982
1960 2010
1961 1962
1962 1963
1962 1993
1963 1964
1964 1965
1964 1973
1964 1982
1965 1966
1965 2037
1966 1967
1966 2026
1967 1968
1967 2018
1968 1969
1968 1973
1968 2014
1969 1970
1969 1989
1969 2024
1970 1971
1971 1972
1971 1992
1972 1973
1973 1974
1974 1975
1974 1984
1975 1976
1976 1977
1976 1993
1976 2027
1977 1978
1978 1979
1979 1980
1980 1981
1980 1997
1981 1982
1981 1985
1981 2003
1982 1983
1982 2019
1983 1984
1983 2025
1984 1985
1984 2028
1985 1986
1986 1987
1986 2020
1986 2040
1986 2044
1987 1988
1987 1999
1988 1989
1989 1990
1990 1991
1990 2010
1991 1992
1991 2017
1991 2032
1992 1993
1992 1997
1992 2009
1993 1994
1994 1995
1994 2031
1995 1996
1996 1997
1996 1998
1997 1998
1998 1999
1998 2009
1998 2014
1999 2000
1999 2008
2000 2001
2000 2011
2001 2002
2002 2003
2003 2004
2003 2017
2004 2005
2004 2024
2005 2006
2005 2032
2006 2007
2007 2008
2008 2009
2009 2010
2010 2011
2011 2012
2011 2039
2012 2013
2012 2016
2013 2014
2013 2027
2014 2015
2015 2016
2016 2017
2017 2018
2017 2038
2017 2042
2018 2019
2019 2020
2020 2021
2021 2022
2021 2028
2022 2023
2022 2046
2023 2024
2024 2025
2025 2026
2026 2027
2027 2028
2028 2029
2028 2038
2029 2030
2030 2031
2030 2037
2031 2032
2031 2045
2032 2033
2033 2034
2033 2044
2034 2035
2034 2042
2035 2036
2036 2037
2036 2044
2037 2038
2038 2039
2039 2040
2039 2043
2040 2041
2041 2042
2042 2043
2043 2044
2044 2045
2045 2046
2046 2047
