2048
 0  1
 0 17
 0 31
 0 35
 0 43
 1  2
 1  3
 1 26
 1 47
 2  3
 2  8
 2 18
 2 26
 2 30
 2 32
 3  4
 3 19
 3 20
 3 22
 4  5
 4 21
 4 32
 4 36
 4 43
 5  6
 5 27
 6  7
 6 17
 6 18
 6 28
 6 33
 6 48
 7  8
 7 10
 7 18
 8  9
 8 18
 8 25
 9 10
 9 11
 9 16
 9 18
 9 28
 9 48
10 11
10 25
10 37
10 45
11 12
11 18
11 27
11 29
11 30
11 46
12 13
12 16
12 22
12 26
12 46
13 14
13 22
13 35
13 38
13 42
14 15
14 20
14 30
15 16
15 18
16 17
16 26
16 38
16 479
17 19
17 36
17 42
17 43
17 46
18 19
18 22
18 23
18 34
18 1931
19 20
19 28
20 21
21 22
21 29
21 38
21 39
22 23
22 31
22 42
23 24
23 28
23 35
23 46
23 47
24 25
24 28
24 30
24 37
25 26
25 27
25 36
26 27
26 38
26 39
27 28
27 37
27 39
28 29
28 33
28 35
28 40
29 30
29 39
29 40
30 31
30 32
30 38
30 39
31 32
31 48
32 33
32 44
33 34
33 46
34 35
34 40
35 36
36 37
36 47
37 38
37 47
38 39
38 48
39 40
39 48
40 41
40 44
41 42
42 43
43 44
43 46
44 45
44 1931
45 46
46 47
47 48
49 50
49 130
49 152
49 189
49 289
49 1311
49 1889
50 51
50 1365
51 52
51 107
51 554
51 785
51 840
51 954
52 53
52 260
52 902
52 1627
52 1683
53 54
53 215
53 222
53 275
53 326
53 387
53 530
53 1789
54 55
55 56
55 835
55 1017
55 1190
55 1726
56 57
56 229
56 260
56 1121
57 58
57 162
57 819
57 1001
57 1129
58 59
58 149
58 682
58 1349
58 1444
59 60
59 67
59 320
59 330
59 462
59 761
59 1346
59 1413
59 1443
59 1589
60 61
60 173
60 236
60 1773
61 62
61 778
61 1094
61 1269
62 63
62 224
62 447
62 668
62 836
62 1117
63 64
63 709
63 996
63 1694
63 1721
64 65
64 338
64 668
64 711
64 946
64 1057
65 66
65 469
65 1683
65 1693
65 1841
66 67
66 127
66 183
66 930
66 1759
67 68
67 1004
67 1418
67 1617
68 69
68 175
68 757
68 883
68 893
69 70
69 262
69 555
69 689
70 71
70 519
70 682
70 863
70 1203
70 1272
70 1348
70 1443
71 72
71 230
71 333
71 1168
71 1717
72 73
72 169
72 242
72 1005
73 74
73 147
73 295
73 344
73 361
73 424
73 595
73 696
73 1156
74 75
74 90
74 364
74 1690
75 76
75 201
75 300
75 1233
76 77
76 361
76 535
76 1238
76 1600
77 78
77 641
77 1195
77 1560
78 79
78 161
78 414
78 974
79 80
79 1031
80 81
80 155
80 888
80 1065
80 1238
80 1403
80 1881
81 82
81 554
81 736
81 1024
81 1124
81 1271
81 1635
82 83
82 107
82 1791
83 84
84 85
84 300
84 827
84 1217
85 86
85 539
85 908
85 1154
85 1224
85 1609
86 87
86 167
86 476
87 88
87 529
87 948
87 953
87 1238
87 1405
87 1551
87 1665
87 1773
88 89
88 431
88 953
88 1245
88 1502
89 90
89 317
89 422
89 640
89 645
89 965
89 1023
89 1054
89 1390
90 91
91 92
91 417
91 991
91 994
91 1175
91 1451
92 93
92 587
92 728
92 1817
93 94
93 808
93 1318
93 1352
93 1508
94 95
94 702
94 775
94 1714
95 96
95 149
95 748
95 895
95 1181
95 1639
95 1653
96 97
96 284
96 855
96 1279
97 98
97 413
97 872
97 1125
97 1135
97 1512
97 1566
97 1618
98 99
98 189
98 230
98 617
98 809
98 822
98 1530
98 1665
99 100
99 406
99 889
100 101
100 1060
101 102
101 996
101 1373
101 1821
101 1829
102 103
102 1181
102 1247
102 1380
103 104
103 381
103 832
103 1142
103 1346
103 1351
104 105
104 504
104 1235
104 1263
104 1856
105 106
105 112
105 761
105 793
105 803
105 875
106 107
106 1407
106 1865
107 108
107 327
107 1486
107 1673
107 1834
108 109
108 273
108 1029
108 1812
109 110
109 1289
110 111
110 227
110 589
110 873
110 1332
110 1809
111 112
111 279
111 282
111 663
111 703
111 1088
112 113
112 1209
112 1578
113 114
113 189
113 202
113 429
113 627
113 1171
114 115
114 211
114 489
114 1077
114 1104
114 1387
115 116
115 1174
116 117
116 134
116 822
116 1012
116 1543
117 118
117 239
117 549
117 888
117 1056
117 1379
118 119
118 809
118 1662
119 120
119 993
119 1710
120 121
120 378
120 418
121 122
121 380
121 455
121 527
121 531
121 842
121 1075
121 1289
122 123
122 683
122 1642
123 124
123 930
124 125
124 753
124 812
124 1224
124 1432
124 1738
125 126
125 327
125 332
126 127
126 161
126 1656
127 128
127 345
127 1863
128 129
128 285
128 968
128 1347
128 1453
128 1466
129 130
129 230
129 308
129 1062
129 1570
130 131
130 685
130 724
130 1442
130 1825
131 132
131 339
131 582
131 1129
131 1679
131 1846
132 133
132 349
132 525
132 533
132 723
132 1144
133 134
133 193
133 317
133 746
133 1024
133 1669
133 1686
134 135
134 1004
134 1512
134 1554
135 136
135 233
135 693
135 741
135 870
135 1748
136 137
136 1340
136 1737
137 138
137 497
137 518
137 680
138 139
138 568
139 140
139 325
139 837
139 1562
140 141
140 936
140 1034
140 1426
141 142
141 439
141 563
141 752
141 1030
141 1085
141 1206
142 143
142 475
142 642
142 1034
142 1218
142 1294
142 1427
142 1643
143 144
143 724
143 795
143 826
143 1669
144 145
144 422
144 459
144 750
144 781
144 1637
145 146
145 528
145 636
145 665
145 698
145 1018
145 1277
145 1369
145 1792
146 147
146 842
146 1227
146 1235
146 1673
146 1787
147 148
147 295
147 1305
147 1778
148 149
148 271
148 350
148 595
148 936
148 1135
148 1331
148 1698
149 150
149 913
149 937
149 1233
149 1455
150 151
150 194
150 471
150 503
150 1317
150 1453
150 1823
151 152
151 986
151 1234
151 1529
152 153
152 199
152 269
152 1575
152 1779
153 154
153 398
153 943
153 1439
154 155
154 703
154 1002
154 1309
155 156
155 263
155 1275
155 1831
155 1848
156 157
156 1399
157 158
157 809
157 1199
158 159
158 586
158 653
158 782
158 1224
158 1253
158 1604
158 1826
159 160
159 354
159 1036
159 1613
159 1635
159 1824
160 161
160 320
160 538
160 739
160 780
160 1005
160 1337
160 1518
161 162
161 412
161 970
161 1319
162 163
162 753
162 1800
163 164
163 582
163 584
163 994
164 165
164 300
164 312
164 402
164 1214
164 1386
164 1434
164 1666
165 166
165 226
165 1353
165 1371
165 1817
165 1832
166 167
166 359
166 434
166 937
166 1105
167 168
167 183
167 334
167 794
167 882
167 1132
167 1830
168 169
168 1271
168 1324
168 1340
168 1349
168 1609
168 1627
169 170
169 670
169 1136
170 171
170 572
170 1441
170 1491
171 172
171 520
171 1369
171 1585
171 1660
172 173
172 220
172 561
172 910
172 963
172 1559
173 174
173 503
173 1676
174 175
174 415
174 418
174 454
174 934
174 1213
175 176
175 482
175 620
175 1146
175 1160
175 1356
175 1517
175 1625
176 177
176 196
176 1330
176 1554
176 1633
177 178
177 463
177 1035
177 1297
177 1392
177 1653
177 1654
177 1693
178 179
178 1097
178 1098
178 1239
178 1508
179 180
179 788
179 845
179 1184
180 181
180 525
180 1291
181 182
181 495
181 538
181 1112
181 1510
181 1601
181 1755
181 1777
182 183
182 197
182 626
183 184
183 519
183 877
183 1037
183 1038
183 1284
183 1499
183 1616
183 1654
183 1668
184 185
184 654
185 186
185 388
185 581
185 857
185 1422
185 1515
185 1857
186 187
186 394
186 445
186 608
186 790
186 1037
186 1475
186 1504
187 188
187 453
187 511
187 525
187 930
187 1002
187 1134
187 1314
187 1663
187 1664
188 189
188 1745
188 1803
189 190
189 653
189 759
190 191
191 192
191 839
191 1384
191 1641
191 1758
192 193
192 376
192 378
192 1253
192 1818
193 194
193 334
193 1824
194 195
194 1367
194 1614
194 1674
195 196
195 516
195 518
195 1577
195 1591
196 197
196 452
196 521
196 1260
196 1747
197 198
197 386
197 955
197 1534
198 199
198 437
198 1258
198 1643
199 200
199 446
199 974
200 201
200 408
200 1397
201 202
201 426
201 1606
202 203
202 606
202 612
202 797
202 1155
202 1739
202 1889
203 204
203 1356
203 1553
204 205
204 468
204 528
204 959
204 1012
205 206
205 1124
205 1794
206 207
206 276
206 542
206 556
206 1138
206 1156
206 1605
206 1626
207 208
207 888
207 977
207 1442
207 1824
208 209
208 1055
208 1138
209 210
209 263
209 893
209 1518
210 211
211 212
212 213
212 494
212 563
212 933
213 214
213 397
213 465
213 688
213 1109
214 215
214 324
214 430
214 693
214 1313
215 216
215 963
215 1641
215 1773
216 217
216 335
216 786
216 1225
217 218
217 507
217 874
217 990
218 219
218 383
218 754
218 809
218 1166
218 1647
219 220
219 517
219 937
220 221
220 1000
220 1563
221 222
221 874
221 1097
221 1328
221 1416
221 1583
221 1803
222 223
222 967
222 1358
223 224
223 700
223 1220
223 1441
223 1557
223 1801
224 225
224 299
224 382
224 718
224 1368
225 226
225 1832
226 227
226 733
226 748
226 1282
226 1495
227 228
227 497
227 614
227 775
227 1062
227 1299
227 1674
228 229
228 352
228 1449
229 230
229 1382
230 231
230 247
230 494
230 1159
231 232
231 395
231 508
231 1087
231 1148
232 233
232 639
232 1206
232 1566
233 234
233 621
233 840
234 235
234 331
235 236
235 542
235 1311
235 1475
235 1873
236 237
236 609
236 910
236 1164
236 1169
236 1253
236 1412
236 1832
237 238
237 288
237 366
237 606
237 876
237 977
238 239
238 708
238 1739
239 240
239 285
239 1047
240 241
240 485
240 839
240 1118
240 1475
240 1760
241 242
241 1865
242 243
242 929
242 1430
242 1723
242 1782
243 244
243 551
243 585
243 760
243 836
244 245
244 570
244 776
244 1390
245 246
245 680
245 900
245 1157
245 1844
246 247
246 566
246 717
246 829
246 853
246 1862
247 248
247 729
247 731
248 249
248 280
248 758
248 906
248 999
248 1252
248 1336
249 250
249 342
249 992
249 1388
249 1807
250 251
250 289
250 856
250 1459
250 1492
250 1737
251 252
251 341
251 593
251 820
251 1337
251 1478
251 1489
252 253
252 747
252 909
252 1561
253 254
253 345
253 1041
253 1558
254 255
254 526
254 1071
254 1269
254 1383
254 1459
254 1691
254 1762
255 256
255 678
255 968
255 988
255 1130
255 1282
255 1314
255 1841
256 257
256 472
256 1335
257 258
258 259
258 441
258 628
258 944
258 1276
259 260
259 491
259 550
260 261
260 1555
260 1696
261 262
261 604
261 889
261 1136
261 1225
261 1305
261 1655
261 1778
262 263
262 446
262 559
262 919
262 1111
262 1762
263 264
263 443
263 516
263 1116
263 1397
263 1452
264 265
264 445
264 828
264 1103
264 1657
264 1833
265 266
265 876
265 1143
265 1457
265 1517
266 267
266 552
266 1245
266 1562
266 1639
266 1650
266 1765
266 1834
267 268
267 301
267 1312
267 1788
268 269
268 589
268 738
268 1016
268 1714
268 1747
268 1793
269 270
269 797
269 848
269 1247
269 1433
269 1698
270 271
270 289
270 1168
270 1262
270 1676
271 272
271 753
271 1415
272 273
272 1568
272 1658
272 1755
273 274
273 965
273 999
273 1527
273 1726
273 1877
274 275
274 653
274 1468
275 276
275 744
275 1802
276 277
276 390
276 599
276 775
276 1093
276 1119
276 1294
276 1361
276 1486
276 1559
276 1631
277 278
277 319
277 832
277 1387
277 1462
278 279
278 609
278 854
279 280
279 393
279 1302
280 281
281 282
281 646
281 1313
281 1872
282 283
282 642
282 1043
282 1595
283 284
283 1346
283 1467
283 1491
283 1568
283 1697
283 1775
283 1862
284 285
284 1290
284 1294
284 1865
285 286
285 699
285 1407
286 287
286 515
286 976
286 1396
286 1578
286 1641
287 288
287 679
288 289
288 596
288 1157
288 1747
288 1810
288 1829
289 290
289 917
290 291
290 614
290 1627
291 292
291 1081
291 1268
291 1601
292 293
292 1571
292 1735
293 294
293 894
293 1594
294 295
294 453
294 751
294 977
294 1167
294 1333
294 1635
295 296
295 477
295 624
295 919
295 1181
295 1578
296 297
296 735
296 957
296 1597
296 1719
296 1837
296 1856
297 298
297 587
297 955
297 1023
297 1174
297 1622
297 1808
298 299
298 631
298 970
299 300
299 443
299 1052
299 1518
299 1754
300 301
301 302
301 658
301 1202
301 1883
302 303
302 692
302 1377
302 1379
303 304
303 376
303 1107
303 1126
303 1328
304 305
304 435
304 1563
304 1579
305 306
305 777
305 828
305 877
305 1438
305 1592
305 1748
306 307
306 420
306 702
306 1295
306 1303
307 308
307 734
307 812
307 1142
308 309
308 397
308 801
308 849
308 989
308 1004
308 1599
309 310
309 1709
309 1885
310 311
310 313
310 341
310 651
310 1249
310 1261
310 1411
311 312
311 506
311 1129
311 1493
311 1548
311 1689
312 313
312 718
312 1071
312 1387
312 1393
312 1463
312 1563
312 1679
313 314
313 1663
314 315
314 1086
314 1246
314 1488
314 1810
315 316
315 562
316 317
316 318
316 444
316 1092
316 1314
316 1583
317 318
317 1133
317 1209
317 1506
317 1652
317 1733
318 319
318 550
318 1037
319 320
319 613
319 746
319 1385
319 1581
320 321
320 328
320 880
320 895
320 1183
321 322
321 1050
321 1155
321 1828
321 1864
322 323
322 1250
322 1272
322 1630
322 1761
323 324
323 537
323 757
323 917
324 325
324 538
324 1745
325 326
326 327
326 1080
327 328
327 371
327 1706
328 329
328 421
328 678
328 742
328 1180
328 1547
329 330
329 668
329 1132
329 1281
329 1834
330 331
330 358
330 1016
330 1788
331 332
331 338
331 1441
331 1799
332 333
332 396
332 1492
333 334
333 394
333 396
333 852
333 875
333 1666
333 1715
334 335
334 612
334 1045
334 1251
334 1324
335 336
335 460
335 1321
336 337
336 946
336 1606
337 338
337 633
337 644
337 965
337 1451
337 1645
337 1844
338 339
338 662
338 1027
338 1046
338 1111
338 1614
338 1666
338 1772
339 340
339 557
339 846
339 891
339 900
339 937
339 1616
339 1623
339 1658
339 1701
339 1861
340 341
340 345
340 626
340 654
340 954
340 1768
341 342
341 552
341 664
341 1105
341 1311
342 343
342 480
342 1263
342 1400
342 1793
343 344
343 368
343 1637
344 345
344 612
344 858
344 1134
344 1659
345 346
345 738
345 837
346 347
346 578
346 637
346 785
346 825
346 1339
346 1352
346 1661
346 1720
346 1750
347 348
347 524
347 749
347 1400
348 349
348 1011
348 1421
349 350
349 1442
349 1607
349 1723
350 351
350 753
350 889
350 936
350 1219
351 352
351 1237
351 1850
352 353
352 400
352 978
353 354
353 393
353 678
353 1000
353 1176
353 1585
353 1653
353 1765
354 355
354 494
354 620
354 1013
354 1792
354 1800
355 356
355 1308
356 357
356 1077
356 1516
356 1790
357 358
358 359
358 500
358 1172
358 1538
358 1618
358 1886
359 360
359 457
359 1109
360 361
360 1058
361 362
361 586
361 1044
362 363
362 1335
362 1408
362 1495
363 364
363 418
363 693
363 1401
364 365
364 390
364 481
364 533
364 1204
364 1326
364 1468
365 366
365 758
365 783
365 1036
365 1739
366 367
366 1159
366 1872
367 368
367 417
367 645
367 972
367 1628
368 369
368 555
368 789
369 370
369 404
369 794
369 927
369 1042
369 1652
370 371
370 837
370 1619
370 1713
370 1853
371 372
371 677
371 897
371 1641
372 373
372 846
372 1563
373 374
373 631
373 645
373 1300
374 375
374 777
374 951
374 1023
374 1159
374 1767
375 376
375 760
375 1099
375 1313
375 1537
376 377
376 916
376 1154
376 1643
376 1863
377 378
377 1275
377 1358
377 1759
378 379
378 539
378 674
378 903
378 1623
378 1631
378 1837
379 380
379 600
380 381
380 947
380 953
380 1067
380 1232
380 1313
381 382
381 1163
381 1349
381 1394
382 383
382 751
382 1713
383 384
383 522
384 385
384 580
384 929
384 1287
384 1722
385 386
385 399
385 442
385 1437
386 387
386 1160
387 388
387 487
387 750
387 755
387 1007
387 1080
387 1805
388 389
388 799
388 977
389 390
389 1016
389 1426
390 391
390 1251
390 1485
390 1769
391 392
391 727
391 939
391 1674
392 393
392 679
392 703
392 898
392 1106
392 1259
392 1298
393 394
393 452
393 578
393 1071
393 1167
393 1256
394 395
394 453
394 500
394 534
394 796
394 801
394 836
394 1017
394 1827
395 396
395 720
395 876
395 903
395 1368
395 1526
395 1638
395 1865
396 397
396 699
396 893
396 1146
396 1866
397 398
397 743
397 889
397 1297
397 1320
398 399
398 523
398 945
398 1396
399 400
399 970
399 1261
400 401
400 1150
400 1636
401 402
401 1112
401 1197
401 1884
402 403
402 711
402 1444
403 404
403 678
403 1376
404 405
404 1314
404 1315
404 1691
405 406
405 434
405 769
405 993
405 1142
405 1372
405 1476
406 407
406 1412
407 408
407 1149
407 1224
407 1616
407 1663
407 1808
407 1875
408 409
408 643
409 410
409 809
409 1298
410 411
410 1871
411 412
411 693
411 845
411 1099
411 1536
412 413
412 617
412 1259
413 414
413 1454
414 415
414 549
414 1199
414 1384
414 1514
414 1802
415 416
415 531
415 640
415 702
415 948
415 1149
415 1756
416 417
416 1056
416 1106
416 1118
417 418
417 762
417 864
417 1007
417 1409
418 419
418 1143
418 1196
418 1798
419 420
419 847
419 910
419 1098
419 1649
420 421
420 652
420 1098
420 1241
420 1503
420 1598
421 422
421 1040
421 1557
421 1627
422 423
422 888
423 424
423 634
423 953
423 1273
423 1654
424 425
424 1221
424 1476
425 426
425 470
425 692
425 1174
425 1570
425 1706
426 427
426 707
426 800
426 870
427 428
427 692
427 727
427 1138
427 1377
428 429
428 469
428 598
428 1215
428 1872
429 430
429 442
429 1050
429 1432
429 1855
430 431
430 490
430 1184
430 1460
430 1520
431 432
431 560
431 799
432 433
432 439
432 564
432 573
432 1317
433 434
433 933
433 1375
433 1735
433 1741
433 1766
433 1880
434 435
434 805
434 1257
434 1294
435 436
435 606
435 758
435 762
435 1889
436 437
436 530
436 766
436 1042
436 1434
436 1807
436 1866
437 438
437 1644
437 1735
438 439
438 1157
439 440
439 902
439 1771
440 441
440 500
440 1527
441 442
441 938
441 1881
442 443
442 541
442 1179
443 444
443 571
443 1127
443 1737
443 1877
444 445
445 446
445 585
445 1449
445 1729
446 447
446 988
446 1730
447 448
447 1307
447 1641
447 1780
448 449
448 913
448 1637
448 1879
449 450
449 702
449 867
449 1346
449 1388
449 1501
449 1598
450 451
450 459
450 1321
450 1878
451 452
451 1147
451 1801
452 453
452 495
452 639
452 1294
453 454
453 939
453 1427
453 1515
454 455
454 761
454 1111
454 1639
454 1812
455 456
455 541
455 989
455 1282
456 457
457 458
457 501
457 627
457 1192
457 1510
457 1822
458 459
458 901
458 1303
458 1473
458 1844
459 460
459 938
459 952
459 1148
459 1175
460 461
460 533
461 462
461 603
462 463
462 874
462 915
462 1386
462 1880
463 464
463 847
463 1648
463 1888
464 465
464 804
464 869
465 466
465 487
465 528
465 876
465 1024
465 1459
465 1623
465 1673
465 1868
466 467
466 603
466 699
467 468
467 1379
468 469
468 616
468 745
468 1563
468 1811
469 470
469 892
469 1107
469 1272
470 471
470 771
470 1228
471 472
471 658
471 689
471 957
471 1438
472 473
472 980
472 1121
472 1403
472 1521
472 1886
473 474
473 864
474 475
474 501
474 1090
475 476
475 679
476 477
476 484
476 1106
476 1872
477 478
477 959
477 1260
477 1391
478 479
478 622
478 1487
478 1571
479 480
479 707
479 1080
479 1596
480 481
480 1266
480 1423
480 1635
480 1674
481 482
481 611
481 875
481 879
481 1477
481 1504
481 1545
482 483
482 728
482 967
482 1282
483 484
483 532
483 617
483 1775
484 485
484 1502
485 486
485 1462
486 487
486 490
486 515
486 643
486 665
487 488
487 780
487 1586
488 489
488 540
488 1224
488 1731
489 490
489 888
489 1044
489 1120
489 1289
489 1790
489 1889
490 491
490 641
490 684
490 1521
490 1644
490 1682
491 492
491 522
491 572
491 1430
491 1809
492 493
492 609
492 1400
493 494
493 708
493 918
493 1064
493 1459
493 1653
494 495
494 758
494 859
494 1009
495 496
495 1182
496 497
496 732
496 1063
496 1479
496 1765
497 498
497 502
497 768
497 851
497 1734
498 499
498 710
498 930
498 1003
498 1248
498 1588
498 1751
499 500
499 685
499 764
499 807
499 1418
499 1756
499 1758
500 501
500 529
500 1198
500 1517
501 502
501 1371
501 1383
501 1645
501 1709
502 503
502 608
502 693
502 1381
503 504
503 1143
504 505
504 1458
505 506
505 590
505 1067
505 1350
506 507
507 508
507 748
507 1507
508 509
508 728
508 736
508 1023
509 510
509 1021
509 1377
509 1517
509 1558
510 511
510 1232
510 1728
510 1755
511 512
511 892
511 1071
511 1523
512 513
512 793
512 981
512 1701
512 1726
512 1755
513 514
513 712
513 974
514 515
514 669
514 1527
514 1605
515 516
515 675
515 691
515 710
515 846
515 1465
515 1498
515 1865
516 517
516 1046
517 518
517 807
517 1103
517 1348
517 1361
517 1779
518 519
518 778
518 1304
518 1647
519 520
519 1127
519 1178
519 1603
520 521
520 655
521 522
521 557
522 523
522 1013
522 1147
522 1199
522 1350
523 524
523 1063
523 1086
523 1298
523 1812
524 525
524 1607
524 1613
525 526
525 903
526 527
526 710
526 1452
526 1493
527 528
527 697
527 1322
527 1810
528 529
528 1103
528 1605
529 530
529 884
529 1372
529 1623
530 531
530 1069
531 532
531 1769
532 533
532 548
532 1850
533 534
533 633
533 1869
534 535
534 898
534 962
534 978
534 1177
534 1517
534 1688
534 1861
535 536
535 1519
535 1586
536 537
536 558
536 584
536 659
536 1158
536 1416
537 538
538 539
538 666
538 1261
538 1597
539 540
539 1008
539 1635
539 1721
540 541
540 574
540 663
540 1642
540 1865
541 542
541 1873
542 543
542 1106
542 1219
542 1345
542 1607
543 544
543 935
543 1044
543 1079
543 1106
543 1814
543 1883
544 545
544 939
544 1622
545 546
545 616
545 654
545 1145
545 1599
545 1622
546 547
546 583
546 903
546 1034
546 1426
546 1740
547 548
547 1243
548 549
548 945
548 1113
549 550
549 721
549 965
549 1578
550 551
550 582
550 604
550 1498
551 552
551 1641
551 1751
552 553
552 595
552 613
552 736
552 1064
552 1160
552 1456
552 1507
553 554
553 1117
553 1219
553 1554
554 555
554 721
554 934
554 1785
555 556
555 798
555 1093
555 1849
556 557
556 645
556 988
556 1144
556 1153
556 1240
556 1399
556 1400
556 1837
557 558
557 1281
557 1823
558 559
558 599
558 1043
558 1205
558 1706
559 560
559 1221
559 1725
559 1851
560 561
560 1506
560 1554
561 562
561 1872
562 563
562 1270
562 1364
562 1724
563 564
563 617
563 830
563 1285
563 1499
563 1625
563 1673
564 565
564 616
564 1237
565 566
565 991
565 1521
565 1691
566 567
566 810
566 1262
567 568
567 836
567 1056
567 1566
567 1675
568 569
568 1179
569 570
569 887
570 571
570 1103
570 1179
570 1213
570 1860
571 572
571 667
571 884
571 992
571 1407
572 573
572 1355
572 1545
573 574
573 1816
573 1832
574 575
574 1314
574 1342
574 1423
574 1763
574 1875
575 576
575 733
575 1324
576 577
576 821
576 994
576 1543
576 1748
577 578
577 957
577 1347
577 1872
578 579
578 703
578 846
578 903
578 1265
578 1858
579 580
579 611
579 1003
579 1281
580 581
580 1051
580 1204
580 1446
581 582
581 1161
581 1234
581 1434
581 1537
581 1744
582 583
582 854
582 876
583 584
583 805
584 585
584 590
584 1003
584 1179
584 1586
584 1874
585 586
585 785
585 946
585 1550
585 1666
586 587
586 670
586 1139
586 1795
587 588
587 939
587 1132
587 1687
587 1838
588 589
588 1411
589 590
589 792
589 1787
590 591
590 605
590 760
590 847
590 1347
590 1512
590 1609
591 592
591 761
592 593
592 1727
593 594
593 786
594 595
595 596
595 846
595 940
596 597
596 662
596 1783
597 598
597 640
597 1609
598 599
598 682
598 947
598 1075
598 1320
598 1678
598 1695
599 600
599 776
599 915
599 1411
599 1620
600 601
600 1071
600 1347
600 1476
600 1650
601 602
601 728
601 1015
601 1312
601 1641
602 603
602 825
602 1500
603 604
603 911
603 937
603 1322
604 605
604 611
604 617
604 669
604 1594
605 606
605 768
605 830
605 949
606 607
606 745
606 820
606 1361
606 1466
607 608
607 669
607 1514
607 1657
608 609
608 1215
609 610
609 1315
609 1593
610 611
610 793
610 1154
610 1541
611 612
611 1554
612 613
613 614
613 691
613 1626
613 1725
614 615
614 1434
615 616
615 1301
615 1644
616 617
616 753
616 842
616 1202
616 1224
616 1396
617 618
617 738
617 1219
618 619
618 739
618 1012
619 620
619 869
619 1165
620 621
620 845
620 1851
621 622
621 650
621 675
621 1308
621 1650
622 623
622 1081
622 1226
623 624
623 851
624 625
624 688
624 1134
624 1724
625 626
625 640
626 627
626 1521
626 1785
627 628
627 845
627 867
627 1050
627 1392
627 1573
627 1885
628 629
629 630
629 1576
629 1761
630 631
630 1240
631 632
631 1813
632 633
632 1864
633 634
633 832
633 1041
633 1607
634 635
634 798
634 920
634 1191
634 1318
634 1466
634 1673
635 636
635 950
635 1706
635 1800
636 637
636 723
636 998
636 1641
637 638
637 659
637 661
637 1042
638 639
638 1164
638 1336
639 640
639 663
639 744
639 1432
639 1862
640 641
640 1136
640 1258
641 642
641 966
641 1417
641 1680
641 1697
642 643
642 707
642 1772
642 1838
643 644
643 816
644 645
644 875
644 1623
645 646
645 1240
646 647
646 701
646 851
646 917
646 1301
646 1361
647 648
647 656
647 906
647 1784
648 649
648 1214
649 650
649 838
649 1743
650 651
651 652
651 733
651 1259
651 1569
652 653
652 1477
652 1507
652 1603
653 654
653 1119
653 1636
654 655
654 774
654 932
654 1035
655 656
655 743
656 657
656 703
656 819
656 949
656 1050
656 1166
656 1695
656 1700
657 658
658 659
658 1019
658 1588
659 660
659 713
659 883
659 1126
659 1147
660 661
660 1185
661 662
661 788
662 663
662 999
663 664
663 826
663 1184
663 1457
663 1713
664 665
664 916
664 1217
664 1252
664 1855
665 666
665 1285
665 1570
666 667
666 695
666 1284
666 1445
667 668
667 1237
667 1467
668 669
668 823
669 670
669 1501
669 1869
670 671
670 805
670 988
670 1176
670 1461
670 1648
670 1733
670 1783
671 672
671 1273
671 1451
671 1834
672 673
672 840
672 1630
673 674
673 1140
673 1277
673 1475
673 1545
674 675
674 797
674 1426
675 676
675 756
675 1607
676 677
676 696
676 986
676 1602
677 678
677 1816
678 679
678 1832
679 680
679 943
679 1352
680 681
680 1174
680 1728
680 1771
681 682
681 1265
682 683
682 686
682 702
682 1447
683 684
683 1165
684 685
684 1504
684 1697
684 1821
685 686
685 1195
685 1279
685 1293
686 687
686 1213
686 1860
687 688
687 925
687 1139
687 1409
687 1677
688 689
688 1120
688 1412
689 690
689 866
690 691
690 700
690 1159
690 1675
691 692
691 743
691 914
691 971
692 693
692 916
692 1074
693 694
693 1832
694 695
695 696
695 1018
695 1122
695 1271
696 697
696 756
696 789
696 1247
696 1279
696 1669
697 698
697 951
697 1020
697 1219
697 1431
697 1675
697 1838
698 699
698 735
698 1029
698 1109
698 1253
698 1339
699 700
699 1418
699 1429
699 1750
699 1825
700 701
700 705
700 1485
700 1880
701 702
701 912
701 1100
702 703
702 1059
702 1487
702 1600
703 704
703 1433
703 1523
704 705
704 860
704 1087
704 1211
704 1390
704 1683
705 706
705 926
705 941
705 1112
705 1678
706 707
706 1764
706 1783
707 708
707 1285
707 1470
707 1700
707 1762
707 1826
708 709
708 715
708 1471
708 1734
709 710
709 1008
709 1010
710 711
710 865
710 1634
711 712
711 992
711 1704
711 1794
712 713
713 714
713 747
714 715
714 971
714 1855
715 716
715 1351
716 717
716 1553
717 718
717 1242
717 1445
717 1458
718 719
718 835
718 1369
719 720
719 1127
720 721
720 1263
720 1456
720 1570
720 1769
720 1800
721 722
721 789
721 968
721 985
721 1093
721 1722
722 723
722 822
722 1626
722 1801
723 724
723 1279
723 1289
723 1397
724 725
724 889
725 726
725 812
726 727
726 998
726 1838
727 728
727 740
727 873
727 1807
728 729
728 735
728 1065
728 1320
728 1561
729 730
729 750
729 1250
729 1679
729 1693
730 731
730 1088
730 1102
730 1129
731 732
731 1022
731 1792
732 733
732 977
732 1390
732 1530
733 734
733 915
733 1153
733 1310
733 1364
733 1654
734 735
734 1745
735 736
735 1416
736 737
736 853
736 1618
737 738
737 977
737 1365
737 1594
737 1721
738 739
739 740
740 741
740 900
740 964
740 1648
741 742
741 843
741 1017
741 1665
742 743
742 1147
742 1415
743 744
743 1077
744 745
744 942
744 1054
745 746
746 747
746 924
747 748
747 836
747 922
747 1079
747 1882
748 749
748 1628
748 1663
749 750
749 1355
749 1736
750 751
750 830
750 938
751 752
751 1222
751 1667
752 753
752 869
752 1315
752 1711
752 1734
753 754
754 755
754 934
755 756
756 757
756 760
756 904
756 1591
757 758
758 759
758 967
758 1509
759 760
759 1112
759 1810
759 1850
760 761
760 947
760 1093
761 762
761 812
761 937
761 1149
762 763
762 1100
762 1303
762 1345
762 1533
762 1688
763 764
763 926
763 1510
763 1802
764 765
764 766
764 1008
764 1163
764 1169
764 1316
765 766
765 1460
765 1591
765 1626
766 767
767 768
767 1456
767 1889
768 769
768 1129
768 1327
768 1451
768 1531
768 1768
769 770
769 945
769 1402
770 771
770 1406
770 1600
771 772
771 808
771 1013
771 1141
771 1429
771 1709
772 773
772 1141
772 1225
772 1279
772 1487
772 1798
772 1860
773 774
773 1681
773 1710
774 775
774 850
774 920
774 1024
774 1325
775 776
775 802
775 1222
776 777
776 1066
777 778
777 1390
778 779
778 1606
778 1692
779 780
779 854
779 970
779 1158
780 781
780 1025
780 1184
780 1671
781 782
781 1054
781 1104
781 1174
781 1488
781 1814
781 1859
782 783
782 1226
782 1240
782 1281
783 784
783 1043
783 1429
783 1680
784 785
785 786
785 1124
785 1166
785 1388
785 1524
785 1706
786 787
787 788
787 1422
788 789
788 1077
788 1149
788 1561
788 1626
788 1712
788 1824
789 790
789 865
789 1377
790 791
790 1325
791 792
791 980
791 1767
791 1876
792 793
792 1054
792 1154
792 1293
792 1512
793 794
793 1048
793 1079
793 1138
793 1153
793 1314
793 1423
794 795
794 888
794 1189
794 1204
795 796
795 1010
795 1038
796 797
796 818
796 970
796 971
796 1034
796 1099
796 1348
797 798
797 1464
797 1701
798 799
799 800
799 933
799 1231
799 1863
800 801
800 825
800 1024
800 1515
800 1595
800 1842
801 802
801 1630
801 1876
802 803
802 1536
803 804
803 1124
803 1489
803 1649
804 805
804 1269
805 806
805 1496
806 807
806 900
807 808
807 1014
807 1023
807 1630
808 809
808 1068
808 1419
808 1420
809 810
809 1515
809 1583
810 811
810 1205
810 1273
810 1618
811 812
811 1041
811 1276
811 1512
812 813
812 1390
812 1526
812 1556
812 1863
813 814
813 1783
814 815
815 816
815 967
815 1587
816 817
816 915
816 1636
817 818
817 1146
817 1558
818 819
818 988
818 1153
819 820
820 821
820 888
820 950
820 1092
820 1412
820 1414
821 822
821 1188
822 823
822 1683
823 824
823 1218
823 1221
824 825
824 1342
825 826
825 873
825 1632
826 827
826 1135
826 1313
826 1712
827 828
827 877
827 1213
827 1303
827 1837
828 829
828 1570
829 830
829 976
829 1122
829 1271
829 1425
829 1600
829 1814
830 831
830 948
830 1764
831 832
831 1454
832 833
832 848
832 1205
832 1222
833 834
833 1743
834 835
834 1238
834 1278
834 1616
834 1741
834 1775
835 836
835 922
836 837
836 1081
836 1204
836 1503
836 1767
837 838
837 1645
838 839
838 1112
838 1470
838 1660
839 840
840 841
840 873
840 974
840 1818
841 842
841 1424
841 1552
841 1566
841 1874
842 843
843 844
843 887
843 1256
844 845
844 1148
844 1745
845 846
845 1800
846 847
847 848
847 1371
847 1648
848 849
848 1126
848 1735
849 850
849 938
849 1361
850 851
850 1022
850 1508
851 852
851 1374
851 1390
852 853
852 1445
852 1661
852 1772
853 854
853 929
853 1086
854 855
854 883
854 1076
854 1195
854 1738
855 856
855 1366
855 1496
855 1591
856 857
856 1111
856 1409
856 1810
857 858
857 894
857 906
857 1579
858 859
858 1041
858 1230
859 860
860 861
860 940
861 862
861 1263
861 1266
861 1358
861 1412
861 1520
862 863
862 1657
862 1747
863 864
863 1090
863 1647
864 865
864 1126
864 1452
864 1599
865 866
865 1419
866 867
866 909
866 1178
866 1628
867 868
867 1222
867 1612
868 869
868 872
868 1668
869 870
869 986
869 1348
870 871
870 1381
871 872
871 1039
871 1377
872 873
872 1568
873 874
873 915
873 1080
873 1173
873 1233
873 1774
873 1790
874 875
875 876
875 1690
876 877
876 1290
876 1434
876 1436
877 878
877 1104
877 1210
877 1306
878 879
878 1085
879 880
879 1090
879 1250
880 881
880 1488
881 882
882 883
882 1197
882 1523
883 884
883 1095
883 1635
884 885
884 1293
885 886
885 899
885 1068
885 1115
885 1469
885 1504
885 1668
886 887
886 1193
886 1599
887 888
887 1045
887 1385
888 889
888 916
888 1206
888 1229
888 1502
889 890
890 891
890 1591
890 1846
891 892
892 893
892 1504
892 1789
893 894
893 1027
893 1173
893 1518
893 1528
894 895
894 1194
894 1245
894 1581
895 896
895 1120
895 1586
896 897
896 911
896 973
896 1263
896 1783
897 898
897 1275
897 1576
897 1656
898 899
899 900
899 1350
899 1724
900 901
900 1370
901 902
901 1086
901 1552
901 1725
901 1763
902 903
902 1104
902 1864
903 904
903 1103
903 1615
904 905
904 1615
904 1845
905 906
905 1633
906 907
906 1640
907 908
907 1615
908 909
908 1105
908 1480
909 910
909 987
909 1285
910 911
910 1331
910 1852
911 912
911 1713
912 913
912 1579
912 1590
913 914
913 1104
913 1666
913 1855
914 915
914 995
914 1299
914 1463
915 916
915 1306
915 1667
916 917
917 918
917 1237
917 1427
917 1732
918 919
918 1824
919 920
919 926
919 1014
919 1360
919 1622
919 1720
920 921
920 1236
920 1323
921 922
921 1099
921 1123
921 1856
922 923
923 924
923 1099
923 1239
923 1245
924 925
924 982
924 1186
924 1337
924 1411
924 1524
925 926
925 934
925 1070
925 1254
926 927
926 939
926 1012
926 1333
927 928
927 982
927 1430
927 1838
928 929
928 1376
928 1810
929 930
929 1650
930 931
930 1064
930 1634
931 932
931 1101
931 1281
931 1603
932 933
932 1167
932 1214
932 1394
933 934
934 935
934 1223
934 1392
934 1636
934 1792
935 936
935 945
935 1299
935 1596
936 937
936 952
936 1784
936 1814
936 1886
937 938
937 947
938 939
938 982
938 1471
939 940
939 984
939 1799
940 941
940 1224
940 1426
940 1525
940 1842
941 942
941 1500
942 943
942 969
942 1166
942 1640
943 944
944 945
944 1395
945 946
945 1079
945 1330
946 947
946 1098
947 948
947 1163
947 1260
947 1771
948 949
948 1161
949 950
949 1055
949 1857
950 951
950 1231
950 1444
951 952
951 1806
952 953
952 969
952 978
952 1675
953 954
953 1635
954 955
954 1262
954 1345
955 956
955 1687
956 957
956 1181
956 1419
957 958
957 1213
958 959
958 1205
958 1486
959 960
959 977
959 1449
959 1522
960 961
960 980
961 962
961 1097
962 963
962 1263
962 1522
963 964
963 1539
963 1614
964 965
964 1469
964 1613
965 966
965 1108
965 1457
966 967
967 968
967 1597
968 969
968 1002
969 970
969 1150
969 1731
970 971
970 1213
971 972
971 1204
971 1323
971 1460
972 973
972 975
972 1201
972 1492
972 1688
973 974
973 1040
973 1098
973 1463
973 1667
973 1796
974 975
974 1153
974 1667
975 976
975 1493
976 977
977 978
977 1263
977 1347
977 1451
977 1491
977 1698
978 979
978 1416
978 1609
978 1744
978 1875
979 980
979 1273
979 1539
979 1556
980 981
980 1525
981 982
981 1081
982 983
982 1071
983 984
983 1740
983 1885
984 985
984 1128
985 986
985 1446
986 987
986 1112
986 1557
986 1675
986 1740
987 988
988 989
988 1170
988 1245
988 1689
989 990
989 1029
989 1067
989 1071
990 991
990 1500
990 1856
991 992
991 1014
991 1063
991 1837
992 993
992 1235
992 1557
992 1743
992 1853
993 994
993 1636
994 995
994 1525
994 1723
995 996
995 1002
995 1290
996 997
996 1395
996 1581
997 998
998 999
999 1000
999 1330
999 1446
1000 1001
1000 1732
1000 1877
1001 1002
1002 1003
1002 1202
1002 1286
1002 1299
1002 1462
1003 1004
1003 1215
1003 1472
1004 1005
1004 1339
1004 1375
1004 1447
1004 1467
1004 1638
1005 1006
1005 1323
1005 1565
1006 1007
1006 1241
1007 1008
1007 1566
1007 1817
1008 1009
1009 1010
1009 1421
1010 1011
1010 1079
1011 1012
1011 1087
1011 1225
1011 1690
1012 1013
1012 1567
1012 1697
1013 1014
1013 1252
1013 1477
1014 1015
1014 1182
1014 1517
1015 1016
1015 1112
1015 1313
1015 1744
1016 1017
1016 1179
1016 1602
1016 1661
1016 1862
1017 1018
1018 1019
1018 1250
1018 1370
1019 1020
1019 1606
1020 1021
1020 1327
1021 1022
1021 1027
1021 1856
1022 1023
1022 1304
1023 1024
1023 1529
1024 1025
1024 1768
1024 1785
1025 1026
1025 1502
1026 1027
1026 1736
1027 1028
1027 1105
1028 1029
1028 1134
1028 1463
1028 1553
1029 1030
1029 1177
1030 1031
1030 1707
1030 1719
1031 1032
1031 1241
1032 1033
1032 1290
1033 1034
1033 1099
1033 1672
1034 1035
1034 1140
1034 1453
1034 1790
1035 1036
1035 1060
1035 1781
1036 1037
1036 1196
1036 1538
1036 1819
1037 1038
1037 1266
1037 1374
1038 1039
1039 1040
1039 1133
1039 1514
1040 1041
1040 1602
1040 1655
1041 1042
1041 1650
1042 1043
1042 1759
1043 1044
1043 1228
1043 1757
1043 1833
1044 1045
1044 1061
1044 1225
1044 1356
1044 1405
1044 1594
1045 1046
1045 1139
1045 1342
1045 1503
1045 1742
1046 1047
1046 1711
1046 1843
1047 1048
1047 1859
1048 1049
1048 1230
1048 1245
1048 1250
1048 1579
1048 1753
1048 1783
1049 1050
1050 1051
1050 1113
1051 1052
1051 1110
1051 1212
1051 1326
1052 1053
1052 1406
1052 1752
1053 1054
1053 1602
1053 1794
1054 1055
1054 1683
1055 1056
1056 1057
1056 1113
1057 1058
1057 1196
1057 1679
1058 1059
1058 1334
1058 1484
1058 1826
1059 1060
1059 1445
1059 1502
1060 1061
1060 1129
1060 1142
1060 1423
1061 1062
1061 1124
1061 1188
1061 1237
1061 1598
1061 1827
1062 1063
1062 1229
1062 1767
1062 1867
1062 1879
1063 1064
1063 1568
1063 1708
1064 1065
1064 1076
1064 1271
1065 1066
1065 1828
1066 1067
1067 1068
1067 1177
1067 1425
1068 1069
1068 1248
1068 1266
1068 1800
1069 1070
1069 1112
1069 1131
1069 1341
1069 1547
1070 1071
1070 1210
1070 1258
1070 1308
1070 1376
1070 1801
1071 1072
1071 1163
1071 1219
1072 1073
1072 1187
1072 1255
1072 1466
1072 1641
1072 1680
1072 1817
1073 1074
1073 1455
1074 1075
1074 1125
1074 1286
1074 1330
1074 1738
1075 1076
1076 1077
1076 1112
1077 1078
1077 1269
1077 1447
1077 1457
1078 1079
1079 1080
1079 1461
1079 1652
1079 1783
1080 1081
1080 1176
1080 1606
1080 1801
1081 1082
1081 1186
1081 1760
1082 1083
1083 1084
1083 1783
1083 1794
1084 1085
1084 1676
1085 1086
1086 1087
1086 1119
1087 1088
1087 1473
1087 1555
1088 1089
1088 1708
1089 1090
1089 1379
1089 1614
1090 1091
1090 1153
1090 1423
1090 1831
1091 1092
1091 1269
1092 1093
1092 1221
1093 1094
1093 1459
1093 1780
1094 1095
1094 1301
1094 1377
1094 1429
1094 1757
1095 1096
1095 1362
1096 1097
1096 1179
1096 1252
1097 1098
1098 1099
1099 1100
1099 1138
1099 1307
1099 1393
1099 1641
1099 1649
1099 1770
1099 1792
1100 1101
1100 1295
1100 1639
1100 1732
1101 1102
1101 1625
1101 1689
1101 1750
1102 1103
1102 1614
1103 1104
1103 1485
1104 1105
1104 1205
1104 1659
1104 1720
1104 1808
1105 1106
1105 1343
1105 1575
1105 1842
1106 1107
1106 1336
1106 1580
1107 1108
1107 1492
1107 1668
1108 1109
1108 1755
1109 1110
1109 1349
1110 1111
1110 1451
1110 1662
1111 1112
1111 1494
1112 1113
1112 1397
1112 1697
1113 1114
1113 1478
1114 1115
1114 1227
1115 1116
1116 1117
1116 1136
1116 1216
1116 1584
1116 1658
1116 1768
1116 1855
1117 1118
1117 1156
1117 1391
1117 1685
1118 1119
1118 1263
1118 1272
1118 1297
1119 1120
1119 1727
1120 1121
1120 1351
1120 1744
1121 1122
1121 1651
1122 1123
1122 1841
1123 1124
1124 1125
1125 1126
1125 1522
1126 1127
1126 1469
1127 1128
1127 1790
1127 1828
1128 1129
1128 1401
1129 1130
1129 1476
1130 1131
1130 1143
1130 1591
1130 1741
1131 1132
1131 1706
1132 1133
1133 1134
1133 1690
1133 1783
1134 1135
1134 1528
1135 1136
1135 1745
1136 1137
1136 1711
1136 1773
1137 1138
1138 1139
1138 1191
1138 1379
1139 1140
1139 1599
1140 1141
1140 1144
1140 1259
1140 1302
1140 1860
1141 1142
1141 1359
1141 1503
1141 1817
1142 1143
1142 1146
1142 1276
1142 1752
1143 1144
1143 1644
1143 1687
1143 1851
1143 1878
1144 1145
1145 1146
1145 1151
1145 1172
1145 1818
1146 1147
1147 1148
1147 1482
1148 1149
1148 1462
1148 1574
1149 1150
1149 1226
1149 1765
1150 1151
1151 1152
1152 1153
1152 1411
1152 1487
1153 1154
1153 1851
1154 1155
1154 1197
1154 1799
1155 1156
1155 1481
1155 1710
1156 1157
1156 1431
1157 1158
1158 1159
1158 1286
1158 1569
1158 1710
1159 1160
1159 1426
1160 1161
1160 1703
1160 1728
1161 1162
1161 1223
1161 1709
1161 1870
1162 1163
1162 1316
1163 1164
1163 1730
1163 1790
1164 1165
1164 1293
1164 1805
1165 1166
1165 1324
1165 1465
1166 1167
1167 1168
1167 1806
1168 1169
1168 1224
1168 1661
1168 1835
1169 1170
1169 1683
1170 1171
1170 1211
1170 1486
1171 1172
1171 1433
1171 1482
1171 1560
1171 1646
1172 1173
1172 1888
1173 1174
1173 1857
1174 1175
1174 1217
1174 1406
1174 1800
1175 1176
1176 1177
1176 1402
1177 1178
1177 1308
1177 1572
1177 1826
1178 1179
1178 1634
1179 1180
1179 1632
1179 1873
1180 1181
1180 1300
1180 1680
1181 1182
1182 1183
1182 1410
1182 1813
1183 1184
1183 1355
1183 1399
1184 1185
1184 1383
1184 1716
1185 1186
1185 1589
1185 1824
1186 1187
1186 1654
1187 1188
1188 1189
1189 1190
1190 1191
1190 1630
1190 1751
1191 1192
1191 1472
1192 1193
1192 1775
1192 1815
1193 1194
1193 1642
1194 1195
1194 1778
1195 1196
1195 1653
1196 1197
1196 1829
1196 1842
1196 1859
1197 1198
1197 1356
1197 1640
1197 1863
1198 1199
1198 1650
1198 1885
1199 1200
1199 1704
1200 1201
1200 1625
1200 1729
1201 1202
1201 1645
1202 1203
1202 1432
1203 1204
1203 1260
1203 1360
1204 1205
1204 1514
1204 1692
1205 1206
1206 1207
1206 1319
1206 1427
1207 1208
1207 1596
1207 1610
1207 1688
1208 1209
1208 1404
1208 1435
1208 1450
1209 1210
1210 1211
1210 1286
1211 1212
1211 1841
1212 1213
1212 1506
1213 1214
1213 1645
1214 1215
1215 1216
1216 1217
1217 1218
1217 1276
1218 1219
1218 1445
1218 1652
1218 1836
1219 1220
1219 1557
1219 1681
1220 1221
1220 1448
1221 1222
1221 1407
1221 1724
1222 1223
1223 1224
1223 1452
1224 1225
1224 1294
1224 1367
1224 1390
1225 1226
1225 1513
1226 1227
1226 1475
1226 1720
1226 1860
1227 1228
1227 1690
1228 1229
1228 1574
1229 1230
1229 1460
1230 1231
1230 1366
1230 1523
1230 1749
1231 1232
1231 1241
1232 1233
1232 1538
1232 1749
1233 1234
1233 1253
1233 1517
1234 1235
1234 1825
1235 1236
1235 1372
1235 1787
1236 1237
1236 1370
1236 1733
1236 1775
1237 1238
1238 1239
1238 1539
1238 1585
1238 1836
1239 1240
1240 1241
1241 1242
1242 1243
1242 1724
1242 1862
1243 1244
1243 1272
1244 1245
1244 1616
1244 1843
1245 1246
1245 1402
1245 1816
1246 1247
1246 1578
1247 1248
1247 1588
1248 1249
1248 1314
1248 1344
1248 1612
1249 1250
1249 1334
1249 1458
1249 1718
1250 1251
1250 1274
1250 1615
1251 1252
1252 1253
1252 1305
1252 1396
1253 1254
1254 1255
1254 1325
1254 1637
1254 1737
1255 1256
1255 1793
1256 1257
1256 1618
1257 1258
1258 1259
1258 1355
1258 1783
1259 1260
1260 1261
1261 1262
1261 1466
1261 1702
1262 1263
1262 1357
1262 1703
1263 1264
1263 1387
1263 1488
1263 1570
1263 1884
1264 1265
1264 1689
1265 1266
1266 1267
1266 1607
1266 1612
1266 1762
1266 1797
1267 1268
1267 1751
1267 1836
1268 1269
1269 1270
1269 1814
1270 1271
1270 1593
1270 1873
1271 1272
1271 1527
1272 1273
1272 1389
1273 1274
1273 1659
1274 1275
1274 1806
1275 1276
1275 1520
1276 1277
1276 1369
1276 1433
1277 1278
1277 1503
1278 1279
1278 1588
1279 1280
1279 1611
1279 1736
1280 1281
1280 1445
1281 1282
1281 1605
1282 1283
1283 1284
1283 1580
1284 1285
1284 1358
1284 1567
1285 1286
1285 1483
1285 1846
1286 1287
1287 1288
1288 1289
1288 1385
1288 1519
1288 1545
1288 1744
1288 1877
1289 1290
1289 1424
1289 1532
1289 1803
1290 1291
1290 1348
1290 1799
1291 1292
1292 1293
1292 1693
1293 1294
1293 1557
1294 1295
1294 1502
1294 1650
1294 1786
1294 1820
1295 1296
1295 1667
1296 1297
1296 1493
1296 1590
1296 1881
1297 1298
1297 1313
1297 1518
1297 1538
1298 1299
1298 1476
1298 1606
1298 1635
1299 1300
1299 1383
1299 1461
1299 1559
1299 1585
1299 1617
1299 1712
1299 1751
1300 1301
1300 1716
1301 1302
1301 1652
1301 1705
1302 1303
1302 1342
1302 1553
1303 1304
1303 1555
1304 1305
1305 1306
1305 1342
1305 1425
1305 1455
1305 1635
1305 1694
1305 1704
1305 1818
1306 1307
1307 1308
1307 1357
1307 1622
1308 1309
1309 1310
1310 1311
1310 1392
1311 1312
1311 1588
1312 1313
1312 1470
1312 1613
1313 1314
1313 1349
1313 1375
1313 1579
1314 1315
1314 1445
1314 1459
1315 1316
1315 1755
1316 1317
1316 1365
1316 1574
1317 1318
1318 1319
1319 1320
1319 1494
1319 1744
1320 1321
1321 1322
1321 1644
1322 1323
1322 1697
1323 1324
1324 1325
1324 1435
1324 1795
1325 1326
1326 1327
1326 1712
1327 1328
1327 1487
1327 1615
1327 1618
1328 1329
1328 1853
1329 1330
1330 1331
1331 1332
1331 1411
1331 1556
1332 1333
1332 1829
1333 1334
1333 1621
1334 1335
1335 1336
1335 1538
1335 1587
1335 1665
1336 1337
1336 1581
1337 1338
1337 1373
1337 1431
1337 1526
1338 1339
1338 1606
1339 1340
1339 1362
1339 1569
1340 1341
1340 1376
1340 1808
1341 1342
1341 1576
1342 1343
1343 1344
1343 1720
1344 1345
1345 1346
1345 1595
1346 1347
1347 1348
1347 1721
1348 1349
1348 1622
1349 1350
1350 1351
1350 1483
1350 1505
1350 1544
1351 1352
1351 1823
1352 1353
1352 1516
1352 1816
1353 1354
1353 1502
1353 1648
1353 1756
1354 1355
1354 1598
1355 1356
1355 1469
1355 1791
1356 1357
1356 1531
1356 1790
1356 1883
1357 1358
1358 1359
1359 1360
1359 1567
1359 1607
1360 1361
1360 1417
1361 1362
1361 1543
1362 1363
1363 1364
1363 1564
1363 1688
1363 1738
1364 1365
1365 1366
1365 1634
1366 1367
1366 1709
1366 1889
1367 1368
1367 1659
1367 1796
1368 1369
1369 1370
1370 1371
1371 1372
1371 1493
1372 1373
1373 1374
1374 1375
1374 1670
1375 1376
1376 1377
1376 1704
1377 1378
1378 1379
1379 1380
1379 1407
1379 1536
1379 1554
1380 1381
1380 1627
1381 1382
1381 1674
1381 1776
1382 1383
1382 1418
1383 1384
1383 1416
1383 1520
1383 1663
1384 1385
1384 1726
1385 1386
1385 1503
1385 1790
1385 1812
1386 1387
1386 1613
1387 1388
1387 1407
1387 1844
1388 1389
1389 1390
1390 1391
1391 1392
1391 1545
1391 1654
1392 1393
1392 1755
1393 1394
1393 1645
1394 1395
1394 1882
1395 1396
1395 1676
1396 1397
1397 1398
1397 1875
1398 1399
1399 1400
1399 1444
1400 1401
1401 1402
1402 1403
1403 1404
1404 1405
1404 1807
1405 1406
1405 1536
1405 1635
1405 1735
1406 1407
1407 1408
1407 1867
1408 1409
1408 1716
1408 1723
1409 1410
1409 1550
1409 1698
1409 1802
1410 1411
1410 1421
1410 1604
1411 1412
1411 1454
1411 1473
1412 1413
1412 1417
1412 1633
1413 1414
1414 1415
1414 1454
1414 1472
1414 1529
1414 1825
1415 1416
1415 1849
1416 1417
1416 1743
1417 1418
1417 1511
1417 1829
1417 1843
1418 1419
1418 1656
1418 1686
1419 1420
1420 1421
1420 1506
1420 1604
1420 1620
1421 1422
1421 1796
1422 1423
1423 1424
1424 1425
1425 1426
1425 1485
1426 1427
1426 1461
1427 1428
1427 1489
1427 1704
1428 1429
1429 1430
1429 1515
1429 1592
1429 1619
1430 1431
1430 1880
1431 1432
1431 1850
1432 1433
1432 1732
1433 1434
1433 1554
1433 1667
1434 1435
1434 1506
1434 1701
1435 1436
1435 1536
1435 1737
1436 1437
1436 1578
1437 1438
1437 1677
1438 1439
1438 1596
1438 1780
1439 1440
1439 1527
1439 1871
1439 1881
1440 1441
1440 1597
1441 1442
1441 1551
1441 1606
1441 1650
1442 1443
1442 1483
1443 1444
1443 1701
1444 1445
1444 1737
1445 1446
1446 1447
1447 1448
1448 1449
1449 1450
1449 1617
1450 1451
1450 1491
1450 1729
1451 1452
1451 1730
1452 1453
1453 1454
1454 1455
1455 1456
1456 1457
1456 1700
1457 1458
1457 1680
1458 1459
1458 1529
1458 1568
1459 1460
1459 1679
1460 1461
1461 1462
1461 1871
1462 1463
1463 1464
1464 1465
1465 1466
1466 1467
1467 1468
1467 1553
1467 1682
1468 1469
1468 1573
1469 1470
1469 1522
1470 1471
1471 1472
1471 1497
1472 1473
1473 1474
1473 1563
1474 1475
1474 1493
1475 1476
1475 1768
1476 1477
1477 1478
1478 1479
1479 1480
1479 1568
1480 1481
1480 1709
1480 1770
1481 1482
1481 1636
1481 1762
1482 1483
1482 1602
1482 1814
1483 1484
1483 1516
1484 1485
1484 1561
1484 1766
1485 1486
1485 1659
1485 1863
1486 1487
1486 1613
1486 1821
1487 1488
1488 1489
1488 1653
1488 1802
1489 1490
1490 1491
1490 1504
1491 1492
1492 1493
1492 1663
1493 1494
1493 1507
1493 1775
1494 1495
1495 1496
1495 1741
1496 1497
1496 1535
1497 1498
1498 1499
1498 1639
1498 1856
1499 1500
1500 1501
1500 1721
1501 1502
1502 1503
1503 1504
1504 1505
1505 1506
1506 1507
1506 1588
1507 1508
1507 1806
1508 1509
1508 1530
1509 1510
1509 1842
1510 1511
1511 1512
1511 1830
1512 1513
1512 1582
1513 1514
1514 1515
1515 1516
1516 1517
1516 1617
1516 1646
1517 1518
1518 1519
1519 1520
1519 1828
1520 1521
1520 1678
1521 1522
1522 1523
1523 1524
1524 1525
1525 1526
1526 1527
1527 1528
1527 1882
1528 1529
1528 1785
1529 1530
1529 1798
1530 1531
1530 1608
1530 1815
1531 1532
1532 1533
1533 1534
1534 1535
1534 1611
1534 1641
1535 1536
1536 1537
1536 1842
1537 1538
1537 1613
1538 1539
1539 1540
1540 1541
1540 1887
1541 1542
1542 1543
1542 1596
1542 1622
1543 1544
1544 1545
1544 1701
1545 1546
1545 1789
1545 1885
1546 1547
1546 1805
1547 1548
1547 1737
1548 1549
1549 1550
1550 1551
1551 1552
1552 1553
1553 1554
1554 1555
1555 1556
1556 1557
1556 1761
1556 1822
1557 1558
1558 1559
1558 1657
1558 1797
1559 1560
1560 1561
1560 1725
1560 1833
1561 1562
1562 1563
1563 1564
1564 1565
1564 1617
1565 1566
1565 1736
1565 1806
1566 1567
1567 1568
1568 1569
1569 1570
1569 1707
1569 1796
1570 1571
1571 1572
1571 1748
1572 1573
1573 1574
1574 1575
1575 1576
1575 1606
1576 1577
1576 1858
1577 1578
1577 1679
1577 1696
1578 1579
1578 1618
1579 1580
1580 1581
1581 1582
1582 1583
1582 1829
1583 1584
1583 1781
1584 1585
1585 1586
1585 1723
1586 1587
1586 1758
1587 1588
1587 1602
1587 1611
1588 1589
1588 1774
1589 1590
1590 1591
1591 1592
1591 1821
1592 1593
1593 1594
1593 1653
1594 1595
1594 1676
1595 1596
1596 1597
1596 1623
1597 1598
1598 1599
1598 1845
1599 1600
1600 1601
1601 1602
1601 1782
1602 1603
1603 1604
1603 1721
1604 1605
1605 1606
1606 1607
1606 1767
1607 1608
1608 1609
1609 1610
1610 1611
1611 1612
1611 1858
1612 1613
1612 1749
1612 1825
1613 1614
1614 1615
1614 1866
1615 1616
1616 1617
1617 1618
1617 1673
1618 1619
1618 1683
1619 1620
1619 1694
1619 1710
1620 1621
1621 1622
1622 1623
1622 1636
1623 1624
1624 1625
1624 1633
1625 1626
1625 1720
1626 1627
1627 1628
1627 1801
1628 1629
1629 1630
1630 1631
1631 1632
1632 1633
1632 1649
1633 1634
1633 1730
1634 1635
1634 1665
1634 1787
1635 1636
1636 1637
1637 1638
1638 1639
1639 1640
1639 1684
1639 1783
1639 1822
1640 1641
1641 1642
1642 1643
1643 1644
1644 1645
1644 1667
1644 1749
1645 1646
1645 1657
1645 1680
1645 1713
1645 1752
1645 1827
1646 1647
1647 1648
1648 1649
1649 1650
1649 1675
1650 1651
1651 1652
1651 1879
1652 1653
1653 1654
1654 1655
1655 1656
1656 1657
1656 1740
1656 1826
1656 1847
1657 1658
1657 1760
1657 1801
1658 1659
1659 1660
1660 1661
1661 1662
1661 1762
1662 1663
1663 1664
1664 1665
1664 1783
1665 1666
1666 1667
1667 1668
1668 1669
1669 1670
1669 1830
1670 1671
1670 1784
1671 1672
1672 1673
1673 1674
1674 1675
1674 1747
1675 1676
1675 1826
1676 1677
1676 1703
1676 1863
1677 1678
1678 1679
1679 1680
1679 1787
1680 1681
1681 1682
1681 1700
1682 1683
1683 1684
1684 1685
1684 1800
1685 1686
1686 1687
1686 1774
1687 1688
1687 1757
1688 1689
1689 1690
1690 1691
1690 1765
1691 1692
1692 1693
1693 1694
1694 1695
1695 1696
1696 1697
1697 1698
1697 1768
1698 1699
1699 1700
1699 1880
1700 1701
1701 1702
1701 1731
1701 1764
1702 1703
1703 1704
1704 1705
1705 1706
1705 1872
1706 1707
1707 1708
1707 1757
1708 1709
1709 1710
1710 1711
1711 1712
1711 1860
1712 1713
1712 1859
1713 1714
1713 1749
1714 1715
1714 1842
1715 1716
1716 1717
1717 1718
1717 1796
1718 1719
1718 1849
1719 1720
1720 1721
1721 1722
1722 1723
1722 1795
1723 1724
1724 1725
1725 1726
1725 1773
1726 1727
1727 1728
1728 1729
1728 1837
1729 1730
1730 1731
1731 1732
1731 1808
1732 1733
1733 1734
1733 1862
1734 1735
1734 1884
1735 1736
1736 1737
1737 1738
1738 1739
1739 1740
1739 1876
1740 1741
1740 1887
1740 1889
1741 1742
1742 1743
1743 1744
1744 1745
1744 1852
1745 1746
1746 1747
1747 1748
1748 1749
1749 1750
1750 1751
1751 1752
1752 1753
1753 1754
1754 1755
1754 1786
1755 1756
1755 1803
1755 1870
1756 1757
1757 1758
1758 1759
1759 1760
1760 1761
1760 1794
1761 1762
1762 1763
1763 1764
1764 1765
1765 1766
1766 1767
1767 1768
1768 1769
1769 1770
1770 1771
1771 1772
1772 1773
1773 1774
1774 1775
1774 1853
1775 1776
1776 1777
1777 1778
1778 1779
1779 1780
1779 1845
1780 1781
1780 1841
1781 1782
1782 1783
1783 1784
1784 1785
1785 1786
1786 1787
1787 1788
1788 1789
1789 1790
1790 1791
1791 1792
1792 1793
1792 1819
1793 1794
1794 1795
1795 1796
1796 1797
1797 1798
1798 1799
1798 1852
1798 1867
1799 1800
1799 1823
1800 1801
1800 1852
1801 1802
1802 1803
1803 1804
1804 1805
1805 1806
1806 1807
1806 1857
1807 1808
1808 1809
1809 1810
1810 1811
1811 1812
1812 1813
1812 1889
1813 1814
1814 1815
1814 1856
1815 1816
1816 1817
1816 1834
1817 1818
1818 1819
1819 1820
1820 1821
1821 1822
1822 1823
1822 1871
1823 1824
1824 1825
1825 1826
1826 1827
1827 1828
1828 1829
1828 1845
1829 1830
1830 1831
1831 1832
1832 1833
1833 1834
1834 1835
1835 1836
1836 1837
1837 1838
1838 1839
1839 1840
1839 1883
1840 1841
1840 1851
1841 1842
1841 1888
1842 1843
1843 1844
1844 1845
1845 1846
1846 1847
1847 1848
1848 1849
1849 1850
1850 1851
1851 1852
1852 1853
1853 1854
1854 1855
1855 1856
1856 1857
1857 1858
1858 1859
1859 1860
1860 1861
1861 1862
1862 1863
1863 1864
1864 1865
1865 1866
1866 1867
1867 1868
1868 1869
1869 1870
1870 1871
1871 1872
1872 1873
1873 1874
1873 1875
1874 1875
1875 1876
1876 1877
1877 1878
1878 1879
1879 1880
1880 1881
1881 1882
1882 1883
1883 1884
1884 1885
1885 1886
1886 1887
1887 1888
1888 1889
1890 1891
1890 1902
1890 1932
1890 1945
1890 1992
1890 1997
1890 2003
1890 2040
1890 2047
1891 1892
1891 1910
1891 2012
1892 1893
1892 2001
1893 1894
1893 1928
1893 1935
1893 1964
1893 1971
1893 2010
1893 2045
1894 1895
1894 1978
1894 2039
1895 1896
1895 1967
1896 1897
1896 1979
1897 1898
1897 1936
1897 1954
1897 1968
1897 1970
1897 1980
1897 2011
1897 2018
1898 1899
1898 1959
1898 1996
1898 2038
1899 1900
1899 1946
1899 2029
1899 2041
1900 1901
1900 1931
1900 1955
1900 1991
1900 2038
1901 1902
1901 1911
1901 1936
1901 1959
1901 2003
1901 2042
1902 1903
1902 1906
1902 2019
1902 2024
1902 2039
1903 1904
1903 1917
1903 1974
1903 1985
1903 2033
1903 2035
1903 2044
1904 1905
1904 1976
1904 1980
1904 1985
1904 1995
1904 2005
1905 1906
1905 1914
1905 1962
1905 1969
1905 1977
1905 1996
1905 2014
1905 2037
1905 2046
1906 1907
1906 1967
1906 2003
1906 2018
1907 1908
1907 1917
1907 1922
1907 1973
1907 2013
1907 2022
1907 2036
1908 1909
1908 1960
1908 1974
1908 2038
1909 1910
1909 1965
1909 1983
1909 2025
1909 2044
1910 1911
1910 1934
1910 1987
1910 1994
1911 1912
1911 1944
1911 1963
1911 1999
1911 2029
1912 1913
1912 1974
1913 1914
1913 2012
1913 2031
1913 2035
1914 1915
1914 1957
1914 2025
1915 1916
1916 1917
1916 1925
1916 2007
1916 2027
1916 2046
1917 1918
1917 1925
1917 1941
1917 1975
1917 2008
1917 2020
1917 2035
1917 2046
1918 1919
1918 1939
1918 1968
1918 2009
1918 2040
1919 1920
1919 1946
1919 1956
1919 1975
1919 1985
1919 2002
1919 2028
1920 1921
1920 1965
1920 1972
1920 1997
1921 1922
1922 1923
1922 1984
1922 1986
1922 2022
1922 2038
1923 1924
1923 1987
1923 2006
1923 2026
1924 1925
1924 1927
1924 1973
1924 1976
1925 1926
1926 1927
1926 1934
1926 1941
1926 1957
1926 1959
1927 1928
1927 1931
1927 1963
1927 1976
1928 1929
1928 1956
1928 1987
1928 2028
1929 1930
1929 1960
1930 1931
1931 1932
1931 1964
1931 1983
1931 2016
1932 1933
1932 1962
1932 1992
1932 2025
1933 1934
1933 1948
1933 1966
1933 1982
1934 1935
1934 1968
1934 2001
1934 2013
1934 2024
1935 1936
1935 1998
1935 2045
1936 1937
1936 1974
1937 1938
1937 2041
1938 1939
1938 1949
1938 1954
1938 2027
1939 1940
1939 1966
1939 2009
1939 2042
1940 1941
1940 1996
1940 2001
1941 1942
1941 1989
1941 2001
1941 2028
1942 1943
1942 1973
1942 1982
1942 1989
1943 1944
1944 1945
1944 1962
1944 1993
1945 1946
1945 1996
1946 1947
1946 2034
1946 2041
1947 1948
1948 1949
1948 1969
1948 1985
1948 1989
1949 1950
1949 1952
1949 2042
1950 1951
1950 1993
1951 1952
1951 2033
1952 1953
1952 1960
1952 1969
1952 1978
1953 1954
1953 1982
1953 2001
1953 2011
1954 1955
1954 1964
1954 1966
1954 1980
1954 1996
1955 1956
1955 2015
1956 1957
1956 1982
1956 1992
1956 1997
1957 1958
1957 1997
1957 2015
1957 2021
1957 2047
1958 1959
1958 1981
1958 1999
1958 2036
1959 1960
1959 2018
1960 1961
1960 1966
1960 2041
1961 1962
1961 1978
1961 1996
1962 1963
1962 1985
1962 2017
1962 2038
1963 1964
1963 1993
1963 2043
1964 1965
1964 2001
1964 2030
1965 1966
1965 1982
1966 1967
1966 1977
1967 1968
1967 1994
1967 2007
1967 2013
1967 2042
1968 1969
1968 2000
1968 2006
1968 2009
1968 2019
1968 2025
1969 1970
1969 2017
1969 2024
1970 1971
1970 2045
1971 1972
1971 1983
1972 1973
1972 1975
1972 2042
1973 1974
1973 2023
1974 1975
1974 2016
1975 1976
1975 1987
1975 2026
1976 1977
1976 1987
1977 1978
1977 1997
1977 2040
1977 2044
1978 1979
1979 1980
1979 1993
1979 2006
1980 1981
1980 2033
1981 1982
1982 1983
1982 2019
1982 2024
1983 1984
1983 2044
1984 1985
1984 2006
1985 1986
1985 2017
1985 2020
1985 2029
1985 2044
1986 1987
1986 1989
1987 1988
1987 1998
1987 2007
1987 2040
1987 2043
1988 1989
1988 2000
1988 2013
1988 2014
1989 1990
1989 2032
1989 2041
1990 1991
1990 2029
1991 1992
1991 2000
1991 2004
1991 2007
1991 2017
1991 2033
1992 1993
1992 1995
1992 2046
1993 1994
1993 2003
1994 1995
1995 1996
1995 2007
1995 2021
1995 2038
1996 1997
1997 1998
1998 1999
1998 2016
1999 2000
2000 2001
2000 2010
2001 2002
2001 2046
2002 2003
2003 2004
2003 2007
2003 2027
2004 2005
2004 2016
2004 2017
2005 2006
2005 2033
2006 2007
2006 2019
2006 2032
2007 2008
2007 2009
2007 2032
2007 2047
2008 2009
2009 2010
2010 2011
2011 2012
2011 2013
2011 2043
2012 2013
2013 2014
2013 2028
2014 2015
2014 2036
2015 2016
2016 2017
2017 2018
2017 2040
2018 2019
2019 2020
2020 2021
2020 2033
2021 2022
2022 2023
2022 2037
2023 2024
2024 2025
2024 2040
2025 2026
2026 2027
2027 2028
2028 2029
2029 2030
2030 2031
2031 2032
2031 2038
2032 2033
2033 2034
2034 2035
2035 2036
2036 2037
2037 2038
2038 2039
2039 2040
2039 2045
2040 2041
2041 2042
2042 2043
2043 2044
2043 2046
2044 2045
2045 2046
2046 2047
