2048
 0  1
 0 712
 0 819
 0 958
 0 1016
 0 1247
 0 1287
 0 1752
 0 1968
 1  2
 1 219
 1 442
 1 479
 2  3
 2 164
 2 406
 2 986
 2 1236
 2 1433
 2 1699
 3  4
 3 921
 3 1011
 3 1653
 4  5
 4 838
 4 845
 4 898
 4 949
 4 1153
 4 1190
 4 1378
 5  6
 5 449
 5 890
 6  7
 6 1384
 6 1557
 7  8
 7 132
 7 338
 7 468
 7 483
 7 499
 7 1360
 8  9
 8 1019
 8 1112
 8 1240
 9 10
 9 132
 9 1427
 9 1880
10 11
10 185
10 245
10 317
10 616
10 1201
10 1298
10 1444
10 1744
11 12
11 220
11 265
11 388
11 611
12 13
12 377
12 400
12 834
12 1873
13 14
13 588
13 609
13 1551
14 15
14 177
14 1037
14 1506
14 1836
15 16
15 272
15 390
15 1504
15 1508
16 17
16 770
16 780
16 928
16 1056
16 1093
16 1712
16 1840
17 18
17 718
17 799
17 1087
17 1623
17 1785
17 1954
18 19
18 249
18 827
18 932
18 1545
19 20
19 125
19 362
19 528
19 785
19 1705
19 1825
20 21
20 263
20 815
20 843
20 913
20 1076
20 1229
20 1257
20 1597
20 1837
21 22
21 47
21 495
21 598
21 625
21 1286
21 1534
22 23
22 36
22 378
22 979
22 1002
22 1061
22 1275
22 1535
22 1833
23 24
23 154
23 302
23 351
23 602
23 703
23 740
23 1163
23 1440
23 1654
23 1912
24 25
24 116
24 242
24 1568
24 1641
24 1893
25 26
25 982
25 1231
26 27
26 155
26 290
26 618
26 858
26 991
26 1220
27 28
27 1384
27 1463
28 29
28 336
28 1056
29 30
29 607
29 866
29 930
29 1197
29 1669
30 31
30 342
30 507
30 668
30 799
30 985
31 32
31 889
32 33
32 637
32 1643
32 1847
32 1880
33 34
33 739
33 1288
34 35
34 1300
34 1616
35 36
35 68
35 429
35 738
35 1213
35 1626
36 37
36 506
36 1080
36 1085
36 1537
36 1683
37 38
37 955
37 967
37 1247
37 1504
38 39
38 189
38 517
38 837
38 1262
39 40
39 1957
40 41
40 431
40 603
40 787
40 1338
41 42
41 69
41 210
41 1687
42 43
42 160
42 708
42 860
42 1849
42 1922
43 44
43 936
43 1165
43 1709
43 1764
43 1911
44 45
44 731
44 1960
45 46
45 241
45 898
45 1167
45 1626
45 1879
45 1889
46 47
46 344
46 398
46 812
46 853
46 1432
46 1445
47 48
47 232
47 367
47 898
47 1381
48 49
48 848
48 1437
49 50
49 571
49 709
50 51
50 133
50 974
50 1479
50 1926
51 52
51 349
51 1110
51 1319
52 53
52 341
52 1497
52 1621
52 1733
53 54
53 508
53 509
54 55
54 807
54 982
54 1440
54 1684
55 56
55 930
55 1278
55 1527
55 1531
55 1833
56 57
56 232
56 270
56 342
56 879
56 1125
56 1791
57 58
57 471
57 1183
57 1188
57 1550
57 1609
58 59
58 790
58 1108
58 1492
58 1532
58 1917
59 60
59 610
60 61
60 290
60 754
60 994
60 1927
61 62
61 922
62 63
62 332
62 1475
62 1638
63 64
63 303
63 991
63 1066
63 1712
64 65
64 276
64 586
64 925
65 66
65 144
65 469
65 617
65 714
65 1336
66 67
66 1483
66 1764
66 1960
67 68
67 896
67 1864
67 1936
68 69
68 239
68 338
68 798
68 886
68 1308
69 70
69 295
69 1019
69 1595
70 71
70 175
70 1763
70 1910
71 72
71 223
71 337
71 690
71 1204
72 73
73 74
73 1293
74 75
74 1931
74 1944
75 76
75 653
75 1437
75 1915
76 77
76 361
76 672
76 897
76 936
76 1654
77 78
77 146
77 418
77 661
77 1107
77 1706
77 1758
78 79
78 295
78 379
78 471
78 706
78 1773
79 80
79 559
79 585
79 589
79 837
80 81
80 297
80 684
80 1184
80 1234
81 82
81 417
81 710
81 1380
81 1574
82 83
82 754
82 1663
83 84
83 928
83 1600
84 85
84 695
84 1206
84 1223
84 1343
84 1842
85 86
85 442
85 577
85 1255
85 1700
86 87
86 441
86 643
86 1478
86 1660
86 1907
87 88
87 1790
88 89
88 259
88 1035
88 1086
88 1157
88 1560
88 1676
88 1709
89 90
89 152
89 687
89 978
89 1009
89 1865
90 91
90 407
90 622
90 759
90 792
90 854
90 905
90 983
90 1886
91 92
91 178
91 802
91 1249
91 1354
92 93
92 606
92 1085
92 1131
92 1604
93 94
93 287
93 1023
94 95
94 423
94 495
94 1013
94 1491
94 1800
95 96
95 336
95 741
95 777
95 1247
96 97
96 276
96 524
96 1226
97 98
97 731
97 1772
97 1776
97 1835
98 99
98 461
98 1460
98 1648
98 1935
99 100
99 1185
99 1347
99 1754
99 1897
100 101
100 821
100 1303
100 1826
101 102
101 226
101 247
101 1903
102 103
102 803
102 878
102 999
103 104
103 436
103 1118
103 1695
104 105
104 267
104 727
104 1037
104 1284
105 106
105 224
105 416
105 782
106 107
106 1477
106 1747
107 108
107 536
107 644
107 1567
108 109
108 621
108 793
108 841
108 1073
108 1357
108 1703
109 110
109 625
109 643
109 1089
109 1104
109 1387
109 1429
109 1925
109 1932
110 111
110 1042
111 112
111 134
111 832
112 113
112 138
112 216
112 1723
112 1836
113 114
113 1023
113 1892
114 115
114 570
114 1684
114 1900
115 116
115 122
115 189
115 354
115 399
115 740
115 1142
115 1738
116 117
116 530
116 1525
117 118
117 325
117 361
117 493
117 779
117 1120
117 1649
118 119
118 253
118 917
118 931
118 1288
119 120
119 271
119 815
119 1032
119 1189
119 1268
119 1810
119 1852
120 121
120 672
120 891
121 122
121 871
121 1918
122 123
122 411
122 1237
122 1461
123 124
123 382
123 1294
124 125
124 465
124 549
124 556
124 859
124 1962
125 126
125 215
125 325
125 1216
125 1218
125 1307
125 1562
125 1809
126 127
126 182
126 1135
127 128
127 584
127 589
127 853
127 1011
127 1082
127 1108
127 1673
127 1901
128 129
128 268
128 508
128 516
128 722
128 904
128 1169
128 1618
129 130
129 430
129 502
129 907
129 1291
129 1496
129 1630
130 131
130 329
130 1463
131 132
131 356
131 462
131 891
131 903
131 1732
132 133
132 458
132 626
133 134
133 268
133 1024
133 1070
133 1187
133 1504
134 135
134 146
134 933
134 1110
134 1373
134 1591
134 1592
135 136
135 897
135 979
135 1014
135 1410
136 137
136 632
136 1228
137 138
137 458
137 472
137 544
137 1095
137 1492
138 139
138 140
138 822
139 140
139 141
139 507
139 582
139 1402
139 1520
139 1556
139 1941
140 141
140 1869
141 142
141 391
141 664
141 854
141 1248
141 1316
142 143
142 310
142 1490
143 144
143 352
143 358
143 416
143 1154
144 145
144 252
144 964
144 1060
144 1469
144 1821
145 146
145 429
145 482
145 1606
146 147
146 573
146 785
146 1291
146 1482
146 1557
146 1571
146 1690
147 148
147 332
147 350
147 1764
147 1827
147 1853
148 149
148 498
148 880
148 904
149 150
149 861
149 1536
149 1600
150 151
150 240
150 486
151 152
152 153
152 675
152 795
152 1114
153 154
153 326
153 507
153 730
153 1151
154 155
154 227
154 333
154 551
154 574
154 596
154 1215
155 156
155 727
155 1537
156 157
156 803
157 158
157 360
157 872
157 1455
157 1540
158 159
158 370
158 994
158 1821
159 160
159 957
159 1443
160 161
160 632
160 1611
161 162
161 911
162 163
162 315
162 1157
162 1591
162 1677
162 1868
163 164
163 453
163 676
163 699
164 165
164 934
165 166
165 1444
166 167
166 394
166 511
166 672
166 752
166 959
167 168
167 888
167 1159
167 1406
168 169
168 1523
169 170
169 1530
169 1643
170 171
170 231
170 424
170 1093
170 1633
170 1887
171 172
171 763
171 1474
171 1693
171 1865
172 173
172 1043
172 1287
173 174
173 413
173 720
173 1882
174 175
174 650
174 674
174 1340
174 1842
175 176
175 189
175 469
175 682
175 895
175 1304
175 1684
176 177
176 856
176 1321
177 178
177 292
177 813
177 991
178 179
178 555
178 1341
178 1626
179 180
179 454
180 181
180 320
180 513
180 853
180 1328
180 1366
180 1781
181 182
181 279
181 1864
182 183
182 244
182 692
182 1220
183 184
183 505
183 1005
183 1370
183 1658
184 185
184 882
184 1393
185 186
185 800
185 1772
185 1856
186 187
186 1855
187 188
187 404
187 895
187 1092
188 189
188 193
188 687
188 1392
188 1583
188 1730
189 190
189 331
189 699
189 802
189 861
189 1498
189 1770
190 191
190 428
190 684
190 1175
190 1300
190 1368
190 1771
191 192
191 432
191 752
191 937
191 1430
192 193
192 204
192 514
192 656
192 808
192 837
192 1038
192 1367
192 1508
193 194
193 1287
194 195
194 852
194 1817
195 196
195 376
195 1280
196 197
196 447
196 1426
197 198
197 512
197 1048
197 1580
197 1749
197 1799
198 199
198 252
198 329
198 452
198 747
198 860
198 1220
198 1732
199 200
199 294
199 674
199 683
199 847
199 1555
200 201
200 460
200 843
200 1672
200 1700
201 202
201 748
201 874
201 1389
202 203
202 281
202 974
202 1173
202 1291
202 1563
202 1590
202 1625
202 1652
203 204
203 1296
203 1796
203 1945
204 205
204 1190
204 1236
204 1911
205 206
205 547
205 733
205 779
205 1208
205 1504
206 207
206 325
206 419
206 1528
207 208
207 429
207 750
208 209
208 439
208 1486
209 210
209 454
209 996
209 1730
209 1836
210 211
210 943
211 212
211 445
211 654
211 830
211 1174
211 1349
212 213
212 230
212 743
213 214
213 1770
214 215
214 1107
214 1110
215 216
215 552
215 1141
216 217
216 258
216 648
216 1616
217 218
217 234
217 963
218 219
218 743
218 744
218 822
218 909
219 220
219 730
219 1072
219 1206
219 1399
220 221
220 877
220 1289
220 1338
220 1763
221 222
221 377
221 1826
222 223
222 388
222 579
222 668
222 1790
222 1901
223 224
223 319
223 755
223 1753
223 1833
224 225
224 396
225 226
225 1513
226 227
226 381
227 228
227 241
227 284
227 707
227 941
227 1395
227 1693
227 1919
228 229
228 705
228 837
228 1273
229 230
229 238
229 635
229 944
229 1194
229 1385
230 231
230 509
230 631
230 749
230 1459
230 1678
230 1707
230 1803
231 232
231 534
231 575
231 989
232 233
232 332
232 1264
232 1730
232 1934
232 1966
233 234
233 477
234 235
234 623
234 1459
234 1803
235 236
235 466
235 479
235 1151
235 1153
235 1736
236 237
236 754
236 956
236 1454
236 1648
237 238
237 1894
237 1943
238 239
238 928
238 1084
238 1121
238 1339
238 1621
239 240
239 485
239 493
239 1506
239 1584
239 1914
240 241
240 844
240 1426
241 242
241 343
241 497
241 973
241 1009
242 243
242 720
242 818
242 1356
242 1580
242 1742
243 244
243 987
243 1677
243 1873
244 245
244 1028
244 1424
244 1430
244 1483
244 1689
245 246
245 1553
246 247
246 829
246 845
246 989
246 1231
246 1879
246 1911
247 248
247 736
247 1487
248 249
248 541
248 763
248 1561
248 1858
249 250
249 435
249 954
249 1035
249 1772
249 1910
250 251
250 1324
250 1338
251 252
251 589
251 621
251 905
251 1305
251 1457
251 1760
251 1834
252 253
252 1386
252 1479
252 1608
253 254
253 578
253 1024
253 1427
253 1531
253 1911
254 255
254 328
254 884
254 1050
254 1219
255 256
255 726
256 257
256 490
256 1438
257 258
257 769
257 1561
257 1923
258 259
258 928
258 1523
258 1780
258 1844
258 1899
259 260
259 940
260 261
260 377
260 526
260 1079
260 1162
260 1820
260 1926
261 262
261 885
261 993
261 1934
262 263
262 390
263 264
263 293
263 297
263 389
263 751
263 753
264 265
264 319
264 368
264 820
264 1253
264 1459
265 266
265 1320
265 1380
265 1611
266 267
266 476
266 587
266 856
267 268
267 394
267 457
267 472
267 726
267 828
267 1023
267 1406
268 269
268 639
268 658
268 1226
268 1278
268 1384
268 1899
269 270
269 309
269 363
269 454
269 1164
269 1357
269 1666
270 271
270 1082
270 1414
270 1526
270 1967
271 272
271 476
271 697
271 1182
271 1192
272 273
272 349
272 416
272 809
273 274
273 764
274 275
274 377
274 1099
274 1237
275 276
275 283
275 690
275 749
275 897
275 1669
275 1773
275 1811
275 1832
275 1862
275 1943
276 277
276 638
276 711
276 855
276 1835
277 278
277 823
278 279
278 1035
278 1785
279 280
279 448
279 451
279 731
279 908
279 1708
280 281
280 757
280 1212
281 282
281 1141
281 1924
282 283
282 647
282 1217
282 1285
283 284
283 370
283 1099
284 285
284 311
284 411
284 1775
285 286
285 664
285 1226
286 287
286 942
286 1165
286 1191
286 1531
286 1611
287 288
287 345
287 951
287 1622
288 289
288 749
288 1655
288 1753
289 290
289 568
290 291
290 451
290 797
290 884
290 1333
291 292
291 639
291 1244
291 1296
292 293
292 413
292 555
293 294
293 679
293 1047
293 1618
294 295
294 657
294 860
294 952
294 1357
294 1641
294 1935
295 296
295 710
296 297
296 407
296 797
296 1596
296 1603
296 1655
297 298
297 439
297 688
297 1470
297 1564
297 1767
298 299
298 1340
299 300
300 301
300 695
300 1861
301 302
301 402
301 1031
301 1517
301 1932
302 303
302 404
302 628
302 1520
302 1966
303 304
303 1214
303 1331
303 1784
303 1793
304 305
304 417
304 1921
305 306
305 472
305 614
305 745
306 307
306 1305
306 1721
306 1820
307 308
307 1188
307 1233
308 309
308 437
308 509
308 1399
309 310
309 496
309 504
309 1003
309 1618
309 1967
310 311
310 667
310 1102
310 1283
310 1326
310 1534
310 1565
311 312
311 664
312 313
312 1110
312 1227
312 1326
312 1331
312 1453
312 1492
312 1656
313 314
313 540
313 1399
314 315
314 437
314 1284
314 1367
314 1694
315 316
315 874
315 1365
315 1599
315 1812
316 317
316 389
316 647
316 1249
316 1634
316 1673
317 318
317 494
317 704
317 896
317 912
317 1104
317 1754
317 1880
318 319
318 723
318 819
318 1600
318 1647
318 1681
318 1943
318 1948
319 320
319 334
319 515
319 1325
319 1487
319 1868
319 1895
320 321
320 1209
321 322
321 336
321 548
321 1425
321 1571
321 1939
321 1953
322 323
322 333
322 356
322 360
322 1050
322 1454
322 1472
322 1744
322 1923
323 324
324 325
324 492
324 1367
325 326
325 1259
325 1946
326 327
327 328
327 334
328 329
328 636
328 912
328 1288
328 1336
328 1515
328 1517
328 1850
329 330
329 435
329 918
330 331
330 540
330 699
330 823
330 1918
331 332
331 356
331 940
331 1007
331 1403
332 333
332 1266
332 1584
332 1755
333 334
334 335
334 538
334 824
334 838
334 990
334 1398
334 1488
335 336
336 337
336 1857
337 338
337 1061
337 1250
337 1791
338 339
338 445
338 670
338 1277
338 1787
339 340
339 421
339 483
339 1701
339 1788
340 341
340 542
340 618
340 807
340 1876
341 342
341 884
341 1370
341 1621
341 1831
341 1935
342 343
342 1018
342 1062
342 1464
343 344
343 1712
343 1836
344 345
344 413
344 688
344 1289
344 1427
345 346
345 529
345 1168
345 1549
346 347
346 549
346 1672
347 348
347 1151
347 1287
347 1844
347 1914
348 349
348 714
348 1578
348 1613
349 350
349 644
349 1129
349 1197
349 1322
349 1326
349 1341
349 1943
350 351
351 352
351 385
351 731
351 781
351 902
351 1872
351 1932
352 353
352 428
352 692
352 1053
353 354
353 462
353 535
353 1413
353 1542
354 355
354 871
354 1313
354 1673
354 1704
354 1818
355 356
355 930
355 1243
355 1774
355 1840
355 1918
356 357
356 384
356 1037
356 1841
357 358
357 898
357 1271
357 1330
358 359
358 1132
358 1914
359 360
359 567
359 702
359 928
359 1476
359 1500
360 361
360 761
360 1245
360 1966
361 362
362 363
362 662
363 364
363 533
363 731
363 1124
363 1839
364 365
364 459
364 1873
365 366
365 463
365 665
365 671
365 1092
365 1128
366 367
367 368
367 967
368 369
368 453
368 978
368 1069
368 1080
368 1602
368 1953
369 370
369 396
369 509
369 519
369 1958
370 371
370 711
370 1486
371 372
371 458
371 491
371 622
371 717
371 1421
371 1599
372 373
372 906
372 1137
372 1394
372 1517
373 374
373 918
373 985
373 1545
373 1619
373 1782
374 375
374 636
374 929
375 376
375 493
375 600
375 1141
375 1420
376 377
376 519
376 1149
376 1305
377 378
377 470
377 640
377 1011
377 1097
377 1535
377 1745
377 1772
378 379
378 1372
379 380
379 878
379 1199
380 381
380 815
380 988
380 1029
381 382
381 407
381 742
381 800
381 1207
381 1601
382 383
382 596
382 780
383 384
383 1254
383 1499
383 1657
384 385
384 448
385 386
385 1346
385 1475
385 1648
386 387
386 1460
386 1634
386 1840
387 388
387 938
387 1086
387 1097
387 1452
388 389
388 425
388 902
388 1612
388 1787
389 390
390 391
390 414
390 784
390 1577
391 392
391 1851
392 393
393 394
393 505
393 1710
394 395
394 1843
395 396
395 681
395 1887
396 397
396 1587
396 1780
397 398
397 421
397 460
397 1069
397 1073
397 1289
397 1671
397 1692
398 399
398 998
398 1313
399 400
399 684
399 900
400 401
400 1103
400 1207
400 1547
401 402
401 1435
401 1460
402 403
402 829
402 931
403 404
403 433
403 444
403 802
403 1157
403 1191
403 1640
403 1641
403 1841
404 405
404 559
404 784
404 1497
404 1742
405 406
405 680
405 973
405 1791
406 407
406 617
406 647
406 697
406 934
406 1790
407 408
407 570
407 600
407 1361
408 409
408 861
408 1812
409 410
409 492
409 792
409 1902
410 411
410 651
410 1594
410 1925
411 412
411 784
411 1070
411 1199
411 1465
411 1548
411 1693
412 413
412 875
412 1429
412 1462
412 1780
413 414
413 503
413 565
413 906
413 1131
413 1174
413 1506
414 415
414 473
414 571
414 935
414 1903
415 416
415 550
415 1118
415 1598
415 1746
416 417
416 480
416 565
417 418
418 419
418 787
418 1000
419 420
419 1674
420 421
420 1342
421 422
421 554
422 423
422 1779
422 1820
423 424
423 475
423 1851
424 425
424 859
424 1453
425 426
425 464
425 557
425 1465
426 427
426 572
426 745
426 1642
427 428
427 898
427 903
427 906
427 1037
427 1044
427 1311
427 1497
427 1516
427 1652
428 429
428 764
428 1131
428 1506
429 430
429 1279
429 1575
429 1820
430 431
430 713
430 1083
431 432
431 1265
431 1316
432 433
432 462
432 626
432 752
433 434
434 435
434 784
434 836
434 1031
434 1649
435 436
435 533
435 556
435 627
435 724
435 1297
435 1349
435 1443
435 1549
436 437
436 916
436 1384
436 1570
437 438
437 1133
437 1951
438 439
438 462
438 1028
438 1653
439 440
439 612
439 1768
440 441
440 1618
441 442
441 982
441 1005
442 443
442 1330
442 1428
443 444
443 1480
444 445
444 555
444 1576
444 1640
444 1656
444 1855
445 446
445 672
445 1390
446 447
446 506
446 573
446 924
446 1756
446 1941
447 448
447 615
447 1143
448 449
448 668
448 718
448 1599
448 1748
449 450
449 841
449 918
449 1845
450 451
450 1236
450 1529
451 452
451 569
451 1948
452 453
452 671
452 1228
452 1607
452 1716
452 1808
452 1955
453 454
453 971
453 1040
453 1160
453 1441
454 455
454 610
454 986
454 1122
454 1215
454 1375
454 1651
454 1815
454 1954
454 1967
455 456
455 1848
455 1902
455 1934
456 457
456 1225
456 1235
456 1368
457 458
457 767
457 935
457 1883
458 459
458 617
458 1230
459 460
459 980
459 1638
460 461
460 682
460 1186
460 1244
460 1262
460 1713
460 1809
461 462
461 598
461 1697
462 463
462 526
462 547
462 1241
463 464
463 587
463 1554
464 465
464 481
464 610
464 744
464 1109
464 1195
464 1205
464 1365
465 466
465 1617
465 1805
466 467
466 828
466 988
466 1824
466 1954
467 468
467 673
467 1177
467 1303
468 469
468 787
468 1900
469 470
469 1801
470 471
470 882
470 1095
470 1130
470 1168
470 1550
470 1890
470 1938
471 472
471 625
471 653
471 709
471 852
471 976
472 473
472 715
473 474
473 559
473 728
473 1519
473 1907
474 475
474 633
474 1252
474 1907
475 476
475 584
475 968
476 477
476 1251
476 1655
476 1731
476 1765
477 478
477 692
477 1046
477 1371
477 1835
478 479
478 493
478 837
478 1123
478 1185
478 1561
478 1751
479 480
479 1232
479 1849
480 481
480 1195
480 1907
481 482
481 1011
481 1153
481 1734
481 1821
482 483
482 1302
482 1783
483 484
483 1175
483 1355
483 1498
483 1917
484 485
484 690
484 1026
484 1481
484 1656
484 1759
484 1911
485 486
485 760
485 979
485 1750
486 487
486 937
486 1291
486 1365
486 1384
486 1564
486 1667
487 488
487 1463
488 489
488 677
488 1713
489 490
489 611
489 787
489 1111
489 1482
489 1858
490 491
490 984
490 1100
490 1407
490 1876
491 492
491 1675
491 1694
491 1714
492 493
492 857
492 890
492 924
492 1642
492 1798
493 494
493 1004
493 1362
494 495
494 884
494 1384
494 1646
494 1773
495 496
495 623
495 1509
495 1581
496 497
496 1414
496 1769
497 498
497 524
498 499
498 1082
498 1571
499 500
499 1117
500 501
500 770
500 1531
500 1888
501 502
501 785
501 1050
501 1146
501 1798
502 503
502 703
502 816
502 842
503 504
503 948
503 1098
503 1328
503 1767
504 505
504 781
504 887
504 1687
505 506
505 1596
505 1622
506 507
506 545
506 1119
506 1125
506 1177
506 1217
507 508
507 529
507 641
508 509
508 899
508 1515
509 510
509 753
509 1491
510 511
510 1025
510 1297
511 512
511 696
511 1216
511 1640
512 513
512 1105
512 1461
513 514
513 575
513 823
513 1374
513 1914
514 515
514 615
514 1059
514 1944
515 516
515 640
515 908
515 912
515 1841
516 517
516 1032
516 1465
517 518
517 587
517 1101
517 1230
517 1470
517 1844
518 519
518 1642
518 1939
519 520
519 1617
519 1630
519 1913
520 521
520 1414
520 1928
521 522
521 1033
521 1040
521 1698
522 523
522 1292
522 1427
523 524
523 759
523 883
523 1228
524 525
524 687
524 987
524 1703
524 1757
525 526
525 914
525 926
525 970
526 527
526 735
526 1016
526 1602
526 1624
526 1807
527 528
527 631
527 889
527 1201
527 1697
528 529
529 530
529 719
529 1457
530 531
530 1026
530 1569
530 1850
531 532
531 839
531 1116
531 1721
532 533
532 814
532 1284
532 1333
533 534
533 916
533 963
533 1452
533 1701
534 535
534 1023
534 1117
534 1156
534 1337
534 1568
534 1613
534 1764
535 536
535 1050
535 1177
536 537
536 893
536 1229
536 1372
536 1544
536 1790
537 538
537 690
538 539
538 765
538 1134
538 1423
538 1939
539 540
539 847
539 1082
539 1345
539 1362
540 541
540 1322
540 1546
540 1954
541 542
542 543
542 1740
543 544
543 1035
543 1101
544 545
544 658
544 908
544 1183
544 1786
544 1964
545 546
545 630
545 1034
546 547
546 1121
546 1381
547 548
547 770
547 1456
547 1953
548 549
548 684
548 843
548 1450
548 1925
549 550
549 569
549 695
549 696
549 1447
549 1964
550 551
550 1077
550 1180
550 1306
551 552
551 705
551 1898
552 553
552 598
552 728
552 945
552 1588
552 1869
553 554
553 1125
554 555
554 1341
554 1356
554 1769
555 556
555 1520
555 1644
556 557
556 791
556 1063
557 558
557 794
557 1090
558 559
558 1091
558 1364
558 1620
559 560
559 940
559 948
559 1202
560 561
560 824
560 1457
561 562
561 639
561 800
561 1309
561 1517
561 1814
562 563
562 638
563 564
563 1708
564 565
564 839
564 1198
564 1244
564 1805
565 566
565 1110
565 1251
565 1288
565 1401
565 1671
565 1894
566 567
566 1282
567 568
567 576
567 954
567 1012
567 1081
567 1430
567 1479
567 1634
568 569
568 708
568 1252
569 570
569 808
569 1006
569 1882
570 571
570 1940
571 572
571 1531
572 573
572 695
572 986
572 1104
573 574
573 740
573 1337
573 1925
574 575
574 645
574 1273
575 576
575 1227
575 1446
575 1737
576 577
576 1411
576 1580
576 1910
577 578
577 643
577 1221
577 1305
577 1319
577 1680
578 579
578 1052
579 580
579 1061
580 581
580 585
580 1183
580 1398
580 1885
581 582
581 884
581 1177
581 1636
581 1662
582 583
582 1203
582 1260
583 584
584 585
584 1640
585 586
586 587
586 659
587 588
587 628
587 1018
587 1555
588 589
588 592
588 909
588 1461
588 1605
589 590
589 1009
589 1131
589 1592
590 591
590 610
590 1459
590 1786
591 592
591 697
591 885
592 593
592 615
592 655
592 980
592 1643
593 594
593 1679
594 595
594 1343
595 596
595 707
595 721
596 597
596 623
596 797
596 1307
596 1492
596 1784
596 1848
596 1918
597 598
598 599
598 650
598 1686
599 600
599 1402
599 1622
599 1629
599 1872
600 601
600 681
600 1378
600 1593
600 1763
601 602
601 849
601 1147
602 603
603 604
603 1217
603 1558
604 605
604 1228
605 606
605 726
605 929
605 942
605 1490
606 607
606 662
606 1252
607 608
607 1534
607 1732
608 609
608 1064
609 610
609 709
609 1022
609 1513
609 1626
609 1688
609 1833
610 611
610 684
610 984
610 1092
610 1264
611 612
611 1149
611 1297
611 1479
612 613
612 1472
613 614
613 1448
613 1537
613 1914
614 615
614 823
614 1649
614 1742
615 616
615 645
615 760
615 1423
615 1574
615 1588
616 617
616 831
616 1330
616 1513
617 618
617 1301
617 1443
617 1729
617 1847
618 619
618 846
618 1387
618 1782
618 1836
619 620
619 777
620 621
620 675
620 1562
620 1734
621 622
621 743
622 623
622 667
622 673
622 1631
623 624
623 726
623 783
623 1103
623 1459
623 1692
624 625
624 664
624 1023
624 1421
625 626
626 627
626 741
627 628
627 949
627 1959
628 629
629 630
629 1549
629 1806
630 631
630 1265
630 1453
630 1508
631 632
631 1861
631 1896
632 633
633 634
633 752
634 635
634 867
635 636
635 755
635 764
635 1183
636 637
636 1376
637 638
638 639
638 898
638 922
639 640
639 1432
639 1443
639 1639
639 1665
639 1755
640 641
640 871
641 642
641 1213
641 1379
641 1479
641 1527
641 1625
641 1657
642 643
642 1146
643 644
643 678
643 950
643 983
643 1236
643 1439
643 1669
644 645
644 758
644 1534
645 646
645 748
645 1056
645 1538
645 1578
646 647
646 1168
646 1196
646 1939
647 648
647 1608
648 649
648 1396
648 1522
648 1594
648 1718
649 650
649 716
649 1013
649 1334
649 1470
650 651
650 720
650 1275
650 1469
650 1795
651 652
651 683
651 1317
652 653
652 696
652 750
652 927
652 958
652 1331
652 1715
652 1719
653 654
653 889
653 1237
654 655
654 714
654 1409
654 1572
654 1657
655 656
655 1729
655 1814
655 1889
656 657
656 868
656 1256
657 658
657 1001
657 1055
657 1508
657 1551
657 1667
658 659
658 1439
658 1521
658 1712
659 660
659 858
659 1349
659 1399
659 1859
660 661
660 801
660 846
660 1320
660 1334
660 1365
660 1727
661 662
661 936
661 1194
661 1322
661 1573
661 1662
662 663
663 664
663 879
663 1015
664 665
664 1497
664 1569
665 666
665 1816
666 667
666 712
666 853
667 668
667 700
667 1057
667 1111
667 1864
668 669
668 1351
668 1835
668 1895
669 670
669 675
669 776
669 784
669 875
669 894
669 1616
669 1901
670 671
670 846
670 1479
671 672
671 693
671 1082
671 1110
672 673
672 840
672 903
672 1388
673 674
673 985
673 1130
673 1341
673 1486
674 675
674 1859
675 676
675 936
675 1123
675 1174
675 1373
675 1704
675 1864
676 677
676 839
676 899
677 678
677 1477
678 679
678 763
678 1160
678 1175
678 1386
678 1567
679 680
679 896
679 1494
679 1861
680 681
680 1435
681 682
681 1021
681 1040
681 1837
682 683
682 691
682 963
682 1070
682 1083
682 1107
682 1421
683 684
683 939
683 1808
684 685
684 707
684 715
684 797
684 1507
684 1907
685 686
686 687
686 708
686 738
686 1012
686 1514
687 688
687 827
688 689
688 813
688 1433
688 1834
689 690
690 691
690 1214
690 1598
690 1658
691 692
691 1870
692 693
692 875
692 979
692 1041
692 1183
692 1503
692 1946
693 694
693 806
693 1072
693 1544
694 695
694 1360
694 1773
694 1961
694 1964
695 696
696 697
696 1072
696 1131
696 1200
697 698
697 1254
697 1831
698 699
698 788
698 1124
698 1214
698 1597
698 1748
699 700
699 795
699 812
699 1414
699 1656
699 1702
699 1850
699 1885
699 1887
700 701
700 1041
700 1095
700 1309
700 1502
701 702
701 1051
701 1664
702 703
702 984
702 1341
703 704
703 1670
704 705
704 996
704 1334
704 1459
705 706
705 1352
705 1766
706 707
706 803
706 1026
707 708
707 736
707 1156
707 1802
708 709
709 710
709 1109
709 1540
710 711
710 1064
710 1078
710 1386
711 712
711 1046
711 1341
711 1604
712 713
712 921
712 1882
713 714
713 1726
714 715
714 1901
715 716
715 1542
716 717
716 809
716 840
716 937
716 1028
716 1623
716 1694
716 1800
717 718
717 977
717 1143
717 1629
718 719
718 1790
719 720
719 1142
719 1469
719 1662
720 721
720 1403
720 1596
720 1715
720 1942
721 722
721 1673
721 1898
722 723
722 1205
723 724
723 787
723 1740
723 1835
724 725
724 898
724 1481
724 1672
725 726
726 727
726 1533
727 728
727 1725
727 1803
727 1921
728 729
728 932
728 1489
729 730
729 1080
729 1227
730 731
731 732
731 1444
732 733
732 1675
732 1736
733 734
733 828
733 907
733 1140
733 1396
733 1583
734 735
734 1634
735 736
735 739
735 1947
736 737
736 831
736 949
736 1078
736 1890
737 738
737 922
737 964
738 739
738 1421
738 1661
739 740
739 1506
739 1737
740 741
741 742
741 1183
741 1343
742 743
742 774
742 1179
743 744
743 1184
743 1829
743 1863
744 745
744 965
744 991
744 1543
745 746
745 860
745 867
745 1035
746 747
746 786
746 911
746 1516
747 748
747 987
747 1835
748 749
748 961
748 1116
748 1713
748 1783
749 750
749 860
749 1710
750 751
750 1381
751 752
751 768
751 1614
751 1759
752 753
752 1205
752 1724
752 1795
753 754
753 1000
753 1010
753 1671
753 1722
753 1821
754 755
754 844
754 1377
754 1843
754 1960
755 756
755 1010
755 1300
755 1820
756 757
756 1473
756 1571
757 758
758 759
758 1053
758 1736
759 760
759 1870
759 1908
760 761
760 1028
760 1788
761 762
761 806
761 1318
761 1475
761 1646
761 1907
762 763
763 764
763 894
763 1004
763 1884
764 765
764 1198
764 1728
765 766
765 905
765 1280
765 1767
765 1925
765 1932
766 767
766 1076
766 1888
767 768
767 1208
768 769
768 847
768 878
768 1690
769 770
769 924
769 1743
770 771
770 1013
770 1128
771 772
771 1109
771 1585
772 773
772 1081
772 1428
772 1923
773 774
773 1335
773 1791
773 1863
774 775
774 1365
774 1870
774 1948
775 776
775 1610
775 1714
776 777
776 1151
776 1443
777 778
777 802
777 1073
777 1276
778 779
778 998
778 1223
778 1477
778 1710
779 780
779 1776
780 781
780 829
780 1851
781 782
781 975
781 1474
782 783
782 1522
783 784
783 969
783 1280
783 1548
783 1693
783 1885
784 785
784 838
784 850
784 1023
784 1591
784 1714
784 1771
785 786
785 1137
786 787
786 1146
786 1315
786 1559
786 1689
786 1715
786 1822
786 1888
787 788
787 903
787 961
787 973
787 1224
788 789
788 1287
788 1654
789 790
789 1513
790 791
790 837
790 949
790 1598
790 1764
791 792
791 861
791 1579
792 793
792 1425
792 1622
793 794
794 795
795 796
795 1099
796 797
796 1199
796 1645
796 1770
796 1941
797 798
798 799
798 1879
799 800
799 1236
799 1465
800 801
800 1235
800 1468
800 1848
801 802
801 1007
801 1418
801 1903
802 803
802 1382
803 804
803 1425
804 805
804 994
805 806
805 1480
806 807
806 1492
806 1565
806 1899
807 808
807 1836
808 809
808 1376
809 810
809 1049
809 1285
809 1664
809 1887
810 811
810 1509
810 1829
811 812
811 915
811 1264
812 813
812 1805
813 814
813 1264
814 815
815 816
815 1492
815 1916
816 817
816 1020
816 1113
816 1326
816 1397
816 1452
817 818
817 1282
817 1909
818 819
818 1850
819 820
819 907
819 1164
820 821
820 1382
820 1712
820 1796
821 822
821 892
821 1629
821 1957
822 823
822 942
822 1516
822 1533
823 824
823 839
823 1243
823 1292
823 1736
823 1835
824 825
824 1351
824 1483
825 826
825 1915
826 827
826 918
826 1066
826 1772
827 828
827 1044
827 1492
828 829
828 1789
829 830
829 1107
829 1122
829 1135
829 1265
829 1298
829 1817
830 831
831 832
831 1564
832 833
832 1546
833 834
833 919
833 1029
833 1286
833 1399
833 1708
834 835
834 980
834 1358
834 1556
834 1729
835 836
836 837
836 936
836 938
837 838
837 901
837 1841
837 1846
838 839
838 1097
839 840
839 1043
839 1259
839 1422
839 1468
840 841
840 1376
840 1473
840 1594
840 1638
841 842
841 1148
841 1632
842 843
842 1031
842 1139
842 1899
843 844
843 1016
843 1575
844 845
844 1658
844 1830
845 846
845 901
845 1051
845 1425
845 1825
846 847
846 1029
846 1256
847 848
847 1331
847 1469
847 1934
848 849
848 1175
848 1698
849 850
849 1235
850 851
851 852
851 925
851 1324
851 1539
851 1689
851 1747
852 853
852 891
852 1073
853 854
853 907
853 1027
854 855
854 977
854 1019
855 856
855 1064
855 1893
856 857
856 1096
856 1703
856 1797
857 858
857 976
857 1838
858 859
859 860
859 1656
859 1887
860 861
861 862
861 891
861 1465
862 863
862 1760
863 864
863 1303
863 1328
863 1941
864 865
864 946
864 1719
865 866
865 972
865 1269
865 1295
865 1608
865 1945
866 867
866 967
866 1688
866 1956
867 868
867 1478
868 869
868 1664
869 870
869 1123
870 871
870 1227
871 872
871 1026
871 1165
871 1490
872 873
872 1025
872 1869
872 1934
873 874
873 1087
873 1210
873 1218
873 1267
873 1456
873 1654
873 1845
874 875
874 954
874 1115
875 876
875 1039
875 1104
875 1398
876 877
876 1183
876 1203
876 1532
876 1706
877 878
877 1537
877 1654
878 879
878 1399
878 1615
878 1707
879 880
879 1443
879 1789
880 881
880 1387
880 1968
881 882
881 1018
881 1216
881 1751
882 883
882 1227
882 1301
883 884
883 1057
883 1375
884 885
884 942
884 1112
884 1302
884 1423
885 886
885 1455
885 1471
886 887
886 1087
886 1366
887 888
887 905
887 1022
887 1164
887 1236
887 1385
887 1443
887 1512
887 1543
887 1555
888 889
889 890
890 891
890 1736
891 892
891 1551
891 1569
891 1664
891 1767
892 893
892 1027
892 1388
892 1594
893 894
893 1049
893 1099
893 1592
893 1772
894 895
894 1134
894 1527
894 1539
895 896
895 920
895 959
895 1032
895 1096
896 897
896 963
896 996
896 1453
896 1576
897 898
897 1506
898 899
899 900
899 1497
899 1534
900 901
900 1081
900 1403
901 902
901 917
901 1053
901 1163
902 903
903 904
903 1435
903 1446
903 1848
903 1914
904 905
904 996
904 1147
904 1418
905 906
905 940
905 1056
906 907
906 1150
906 1232
906 1944
907 908
907 1086
907 1125
907 1596
907 1831
908 909
908 1109
908 1787
909 910
909 964
909 1713
909 1749
910 911
910 1689
911 912
912 913
912 1068
912 1431
912 1678
913 914
914 915
914 1901
915 916
915 1351
915 1502
915 1756
916 917
916 1179
916 1604
916 1924
917 918
917 934
917 1489
918 919
918 1192
918 1653
918 1697
918 1809
919 920
919 975
919 1163
920 921
920 1298
921 922
922 923
922 1187
923 924
923 1397
923 1608
924 925
924 1325
924 1593
924 1854
925 926
925 1111
925 1668
925 1769
926 927
926 1150
926 1401
927 928
928 929
928 1244
928 1317
928 1552
929 930
929 1156
929 1301
929 1309
929 1572
930 931
930 1352
930 1354
930 1576
930 1745
931 932
931 1101
931 1747
931 1776
932 933
932 1444
932 1735
933 934
934 935
934 1082
934 1187
934 1604
934 1792
935 936
935 1100
935 1456
936 937
936 1370
936 1933
937 938
937 1934
938 939
939 940
939 1058
939 1553
940 941
941 942
941 1820
942 943
942 1176
942 1215
942 1425
942 1957
943 944
943 1074
943 1853
944 945
944 1017
944 1317
944 1787
945 946
945 964
946 947
946 1572
946 1733
946 1863
947 948
947 1318
948 949
948 1143
948 1547
948 1953
949 950
949 1266
950 951
951 952
951 1415
951 1919
952 953
952 1442
952 1679
953 954
954 955
954 1184
954 1273
954 1349
955 956
955 1196
955 1436
955 1517
956 957
956 1107
956 1523
957 958
957 1809
958 959
958 1786
958 1793
959 960
959 1364
959 1421
959 1520
959 1558
960 961
960 1362
960 1387
960 1716
961 962
961 994
961 1089
961 1250
961 1292
961 1337
961 1344
961 1418
962 963
962 1133
962 1162
962 1845
963 964
963 1352
963 1595
963 1736
964 965
965 966
965 1052
965 1543
966 967
966 1089
966 1263
967 968
967 1352
967 1917
968 969
968 1017
968 1066
968 1801
969 970
969 1190
969 1875
969 1950
970 971
970 1141
971 972
971 1567
972 973
972 1236
972 1453
973 974
973 1121
973 1231
973 1939
974 975
974 1186
974 1322
974 1702
975 976
975 1690
975 1854
976 977
976 1265
976 1557
977 978
977 1091
977 1588
977 1639
978 979
978 1410
978 1580
978 1846
979 980
979 1773
979 1888
980 981
980 1116
980 1347
981 982
981 1757
981 1878
982 983
982 1731
983 984
983 1326
983 1366
983 1777
984 985
984 1545
984 1650
984 1736
985 986
985 1322
985 1866
986 987
986 1209
986 1222
986 1428
987 988
987 1432
987 1514
988 989
988 1196
988 1532
989 990
989 1217
989 1808
990 991
991 992
991 1307
991 1507
991 1685
991 1834
991 1936
992 993
992 1470
992 1703
992 1811
993 994
994 995
994 1202
994 1529
995 996
996 997
996 1425
996 1439
996 1813
997 998
997 1102
997 1485
997 1917
998 999
998 1037
998 1282
999 1000
1000 1001
1000 1339
1000 1575
1001 1002
1001 1415
1001 1670
1001 1936
1002 1003
1002 1024
1002 1584
1003 1004
1003 1545
1004 1005
1005 1006
1005 1300
1006 1007
1007 1008
1007 1034
1007 1666
1007 1747
1008 1009
1008 1186
1009 1010
1009 1936
1010 1011
1010 1830
1010 1932
1011 1012
1011 1346
1011 1478
1011 1515
1012 1013
1012 1814
1012 1818
1013 1014
1013 1278
1013 1645
1013 1877
1013 1899
1013 1919
1014 1015
1015 1016
1015 1079
1016 1017
1017 1018
1017 1070
1017 1955
1018 1019
1018 1336
1019 1020
1019 1447
1019 1466
1019 1669
1020 1021
1021 1022
1021 1076
1021 1193
1021 1910
1022 1023
1022 1326
1022 1710
1022 1949
1023 1024
1023 1046
1023 1301
1024 1025
1024 1322
1024 1413
1025 1026
1025 1147
1025 1670
1026 1027
1026 1495
1026 1713
1027 1028
1027 1873
1028 1029
1029 1030
1030 1031
1030 1528
1030 1614
1031 1032
1031 1109
1032 1033
1032 1168
1032 1756
1033 1034
1034 1035
1034 1052
1034 1057
1034 1207
1034 1242
1034 1418
1034 1649
1034 1818
1035 1036
1036 1037
1036 1140
1036 1257
1036 1655
1036 1874
1036 1935
1037 1038
1037 1276
1037 1755
1038 1039
1039 1040
1040 1041
1040 1296
1040 1406
1040 1470
1041 1042
1041 1125
1041 1353
1041 1921
1042 1043
1042 1753
1043 1044
1043 1146
1043 1245
1043 1448
1044 1045
1045 1046
1045 1255
1045 1638
1045 1847
1046 1047
1046 1317
1046 1445
1046 1782
1046 1808
1047 1048
1047 1411
1048 1049
1048 1671
1048 1804
1048 1951
1049 1050
1049 1298
1049 1411
1050 1051
1050 1088
1051 1052
1051 1899
1052 1053
1052 1333
1052 1344
1052 1492
1053 1054
1053 1188
1053 1607
1054 1055
1055 1056
1055 1076
1055 1105
1055 1521
1055 1533
1055 1645
1055 1649
1055 1811
1056 1057
1056 1736
1057 1058
1057 1343
1057 1554
1057 1604
1058 1059
1058 1232
1059 1060
1059 1362
1059 1560
1059 1576
1059 1631
1059 1755
1060 1061
1060 1551
1060 1628
1061 1062
1061 1288
1062 1063
1062 1529
1063 1064
1063 1082
1063 1382
1063 1841
1064 1065
1064 1080
1064 1622
1065 1066
1065 1174
1065 1639
1066 1067
1066 1419
1067 1068
1068 1069
1068 1366
1068 1533
1068 1616
1068 1820
1069 1070
1069 1754
1070 1071
1071 1072
1072 1073
1072 1742
1072 1956
1073 1074
1073 1496
1073 1526
1073 1673
1074 1075
1074 1137
1074 1431
1075 1076
1075 1174
1076 1077
1076 1856
1077 1078
1078 1079
1079 1080
1079 1156
1079 1500
1079 1558
1079 1653
1080 1081
1080 1460
1080 1534
1080 1819
1081 1082
1081 1378
1081 1810
1082 1083
1083 1084
1084 1085
1084 1951
1085 1086
1085 1519
1085 1940
1086 1087
1086 1560
1086 1859
1087 1088
1087 1680
1088 1089
1088 1132
1088 1617
1088 1641
1088 1731
1089 1090
1089 1268
1089 1490
1089 1636
1090 1091
1090 1648
1090 1746
1091 1092
1091 1324
1091 1338
1091 1366
1091 1620
1091 1681
1092 1093
1093 1094
1093 1284
1094 1095
1094 1708
1095 1096
1096 1097
1096 1851
1097 1098
1097 1201
1098 1099
1098 1180
1098 1235
1098 1417
1099 1100
1099 1200
1099 1221
1099 1567
1099 1660
1100 1101
1100 1355
1100 2041
1101 1102
1102 1103
1103 1104
1103 1543
1104 1105
1105 1106
1105 1162
1105 1199
1105 1781
1106 1107
1106 1111
1106 1474
1106 1576
1107 1108
1107 1368
1107 1615
1107 1637
1108 1109
1108 1604
1108 1716
1108 1891
1108 1913
1109 1110
1109 1344
1109 1358
1109 1566
1109 1654
1110 1111
1111 1112
1112 1113
1112 1328
1112 1737
1113 1114
1113 1148
1114 1115
1115 1116
1115 1926
1116 1117
1116 1175
1117 1118
1117 1577
1117 1779
1118 1119
1118 1170
1119 1120
1119 1734
1119 1900
1120 1121
1120 1265
1120 1364
1121 1122
1121 1194
1122 1123
1122 1198
1122 1764
1122 1862
1123 1124
1123 1200
1123 1528
1123 1547
1124 1125
1124 1340
1124 1670
1125 1126
1125 1287
1125 1640
1126 1127
1126 1187
1127 1128
1127 1380
1127 1702
1127 1708
1128 1129
1128 1407
1129 1130
1129 1225
1129 1514
1129 1546
1130 1131
1131 1132
1131 1422
1131 1706
1131 1861
1132 1133
1132 1365
1132 1515
1132 1730
1133 1134
1133 1673
1133 1704
1133 1731
1134 1135
1134 1617
1135 1136
1135 1551
1135 1829
1135 1942
1136 1137
1136 1404
1136 1442
1136 1599
1137 1138
1137 1258
1137 1374
1137 1552
1137 1907
1138 1139
1138 1827
1139 1140
1139 1195
1139 1549
1139 1653
1139 1714
1140 1141
1140 1288
1140 1387
1140 1881
1141 1142
1141 1504
1142 1143
1143 1144
1143 1782
1144 1145
1144 1600
1145 1146
1145 1328
1145 1353
1146 1147
1146 1543
1146 1932
1147 1148
1148 1149
1148 1449
1149 1150
1149 1322
1149 1361
1149 1902
1150 1151
1150 1153
1150 1865
1151 1152
1151 1316
1151 1321
1151 1579
1152 1153
1152 1621
1152 1866
1153 1154
1153 1298
1154 1155
1155 1156
1155 1670
1155 1715
1155 1909
1156 1157
1157 1158
1157 1755
1158 1159
1158 1409
1158 1476
1159 1160
1159 1804
1160 1161
1160 1246
1160 1849
1161 1162
1161 1689
1162 1163
1162 1653
1163 1164
1163 1317
1163 1554
1163 1707
1163 1915
1164 1165
1164 1676
1164 1895
1165 1166
1165 1593
1166 1167
1166 1957
1167 1168
1167 1184
1167 1647
1168 1169
1168 1572
1169 1170
1169 1284
1170 1171
1170 1745
1171 1172
1171 1600
1172 1173
1173 1174
1174 1175
1174 1311
1174 1526
1174 1647
1175 1176
1175 1299
1175 1347
1176 1177
1176 1429
1177 1178
1178 1179
1178 1381
1179 1180
1179 1916
1180 1181
1181 1182
1182 1183
1182 1296
1183 1184
1183 1748
1184 1185
1184 1601
1184 1770
1185 1186
1185 1205
1186 1187
1186 1664
1187 1188
1187 1791
1188 1189
1188 1812
1189 1190
1189 1679
1190 1191
1190 1305
1191 1192
1191 1852
1192 1193
1193 1194
1194 1195
1194 1688
1195 1196
1195 1509
1196 1197
1196 1868
1197 1198
1197 1318
1197 1364
1197 1504
1197 1649
1198 1199
1198 1313
1198 1429
1198 1444
1199 1200
1199 1335
1200 1201
1200 1425
1200 1495
1200 1829
1201 1202
1201 1915
1202 1203
1202 1371
1202 1456
1203 1204
1204 1205
1204 1418
1205 1206
1205 1516
1205 1603
1205 1810
1206 1207
1207 1208
1207 1426
1208 1209
1208 1440
1208 1631
1208 1641
1209 1210
1209 1299
1209 1374
1209 1772
1210 1211
1210 1698
1210 1958
1211 1212
1211 1292
1211 1626
1211 1944
1212 1213
1213 1214
1213 1413
1214 1215
1214 1622
1214 1936
1215 1216
1216 1217
1216 1897
1217 1218
1217 1686
1218 1219
1218 1954
1218 1961
1219 1220
1220 1221
1220 1682
1220 1769
1221 1222
1222 1223
1222 1497
1222 1552
1223 1224
1223 1280
1223 1414
1223 1631
1223 1876
1224 1225
1224 1721
1224 1832
1225 1226
1226 1227
1227 1228
1228 1229
1228 1575
1228 1614
1229 1230
1229 1608
1229 1848
1229 1955
1230 1231
1230 1474
1230 1507
1230 1621
1231 1232
1231 1456
1232 1233
1233 1234
1233 1580
1233 1604
1233 1768
1234 1235
1234 1296
1234 1462
1235 1236
1236 1237
1236 1692
1237 1238
1238 1239
1238 1312
1239 1240
1239 1585
1239 1968
1240 1241
1240 1400
1241 1242
1241 1467
1241 1560
1241 1580
1242 1243
1242 1686
1243 1244
1243 1393
1244 1245
1244 1277
1245 1246
1245 1922
1246 1247
1246 1369
1246 1954
1247 1248
1247 1481
1248 1249
1248 1613
1249 1250
1249 1891
1249 1957
1250 1251
1250 1252
1250 1507
1250 1841
1251 1252
1251 1263
1251 1487
1251 1543
1252 1253
1252 1391
1252 1864
1253 1254
1253 1699
1254 1255
1254 1433
1255 1256
1255 1340
1256 1257
1256 1304
1256 1466
1257 1258
1257 1304
1257 1857
1258 1259
1258 1302
1258 1437
1258 1756
1259 1260
1259 1432
1259 1727
1260 1261
1260 1303
1261 1262
1262 1263
1263 1264
1263 1497
1263 1759
1264 1265
1264 1439
1264 1823
1265 1266
1265 1403
1265 1927
1266 1267
1266 1295
1266 1310
1266 1474
1267 1268
1267 1291
1267 1918
1268 1269
1268 1784
1268 1797
1269 1270
1269 1453
1270 1271
1270 1398
1270 1500
1270 1650
1271 1272
1271 1280
1271 1591
1271 1817
1272 1273
1272 1788
1272 1827
1273 1274
1273 1314
1273 1708
1273 1836
1274 1275
1274 1409
1274 1946
1275 1276
1275 1339
1275 1368
1275 1419
1276 1277
1276 1673
1277 1278
1277 1673
1277 1783
1277 1886
1278 1279
1278 1843
1279 1280
1279 1435
1279 1577
1280 1281
1280 1360
1280 1591
1280 1706
1280 1935
1281 1282
1281 1704
1282 1283
1282 1538
1283 1284
1283 1481
1283 1648
1283 1895
1284 1285
1284 1549
1284 1951
1285 1286
1286 1287
1286 1541
1286 1588
1287 1288
1287 1755
1288 1289
1288 1659
1289 1290
1290 1291
1290 1434
1290 1538
1291 1292
1291 1628
1292 1293
1293 1294
1294 1295
1294 1596
1295 1296
1295 1834
1295 1898
1296 1297
1296 1484
1296 1880
1297 1298
1297 1357
1298 1299
1298 1589
1299 1300
1299 1501
1299 1520
1300 1301
1300 1624
1301 1302
1301 1450
1302 1303
1302 1437
1302 1482
1303 1304
1303 1579
1303 1929
1304 1305
1305 1306
1305 1498
1306 1307
1307 1308
1307 1763
1308 1309
1309 1310
1309 1922
1310 1311
1311 1312
1312 1313
1312 1418
1312 1469
1313 1314
1313 1496
1313 1506
1314 1315
1314 1696
1314 1949
1315 1316
1315 1341
1315 1408
1315 1438
1315 1444
1316 1317
1316 1395
1316 1580
1316 1916
1317 1318
1317 1748
1318 1319
1318 1334
1318 1472
1318 1751
1319 1320
1320 1321
1321 1322
1321 1909
1322 1323
1322 1931
1323 1324
1323 1636
1324 1325
1325 1326
1325 1355
1325 1537
1326 1327
1326 1435
1326 1539
1327 1328
1327 1340
1328 1329
1329 1330
1329 1736
1330 1331
1330 1883
1331 1332
1331 1519
1331 1887
1332 1333
1332 1434
1332 1554
1333 1334
1334 1335
1335 1336
1336 1337
1336 1419
1336 1509
1337 1338
1337 1755
1338 1339
1338 1563
1338 1768
1339 1340
1339 1362
1340 1341
1340 1965
1341 1342
1341 1690
1342 1343
1342 1482
1342 1662
1342 1754
1343 1344
1343 1956
1344 1345
1345 1346
1346 1347
1346 1619
1346 1669
1346 1719
1346 1817
1347 1348
1347 1362
1347 1928
1348 1349
1349 1350
1349 1496
1349 1710
1350 1351
1350 1468
1351 1352
1351 1550
1351 1568
1351 1935
1352 1353
1352 1469
1352 1808
1353 1354
1353 1832
1353 1961
1354 1355
1355 1356
1355 1745
1356 1357
1356 1718
1357 1358
1357 1470
1358 1359
1359 1360
1360 1361
1360 1640
1361 1362
1361 1482
1362 1363
1363 1364
1363 1643
1363 1833
1364 1365
1365 1366
1366 1367
1366 1528
1367 1368
1368 1369
1369 1370
1370 1371
1370 1524
1371 1372
1372 1373
1372 1433
1373 1374
1374 1375
1374 1583
1374 1834
1375 1376
1376 1377
1377 1378
1378 1379
1378 1611
1378 1687
1379 1380
1379 1450
1380 1381
1380 1626
1380 1686
1380 1873
1381 1382
1382 1383
1382 1756
1383 1384
1383 1436
1383 1727
1384 1385
1384 1951
1385 1386
1386 1387
1386 1916
1386 1947
1387 1388
1387 1625
1387 1801
1387 1815
1388 1389
1389 1390
1389 1727
1390 1391
1390 1510
1390 1602
1391 1392
1392 1393
1393 1394
1393 1547
1393 1918
1394 1395
1395 1396
1395 1402
1395 1540
1395 1937
1396 1397
1396 1441
1396 1881
1396 1937
1397 1398
1398 1399
1399 1400
1399 1458
1399 1872
1400 1401
1400 1875
1401 1402
1401 1541
1401 1694
1402 1403
1402 1423
1402 1900
1403 1404
1403 1558
1404 1405
1404 1862
1405 1406
1406 1407
1407 1408
1407 1615
1407 1681
1408 1409
1408 1746
1408 1791
1409 1410
1410 1411
1410 1707
1410 1949
1411 1412
1412 1413
1412 1471
1412 1575
1412 1658
1412 1722
1412 1806
1413 1414
1414 1415
1414 1623
1414 1913
1415 1416
1415 1960
1416 1417
1416 1611
1416 1926
1417 1418
1418 1419
1418 1717
1418 1829
1419 1420
1420 1421
1420 1424
1421 1422
1422 1423
1422 1545
1423 1424
1424 1425
1424 1549
1424 1619
1424 1838
1424 1847
1425 1426
1425 1516
1425 1565
1425 1611
1425 1650
1426 1427
1427 1428
1427 1791
1428 1429
1428 1433
1429 1430
1429 1743
1430 1431
1430 1740
1431 1432
1432 1433
1432 1657
1432 1833
1433 1434
1433 1835
1434 1435
1434 1463
1435 1436
1435 1718
1436 1437
1436 1892
1437 1438
1437 1815
1438 1439
1438 1958
1439 1440
1439 1505
1439 1644
1440 1441
1441 1442
1442 1443
1442 1641
1443 1444
1443 1534
1443 1598
1443 1807
1444 1445
1444 1514
1444 1657
1444 1804
1445 1446
1446 1447
1446 1919
1447 1448
1447 1655
1447 1968
1448 1449
1448 1452
1448 1628
1448 1657
1449 1450
1450 1451
1450 1566
1451 1452
1451 1548
1451 1696
1452 1453
1452 1492
1453 1454
1454 1455
1455 1456
1455 1871
1456 1457
1456 1647
1456 1801
1456 1963
1457 1458
1458 1459
1458 1822
1459 1460
1459 1942
1460 1461
1460 1489
1460 1575
1461 1462
1461 1468
1461 1897
1461 1955
1462 1463
1462 1694
1462 1708
1463 1464
1464 1465
1465 1466
1466 1467
1467 1468
1468 1469
1468 1605
1469 1470
1469 1617
1469 1853
1470 1471
1471 1472
1471 1708
1472 1473
1472 1559
1473 1474
1474 1475
1474 1621
1474 1958
1475 1476
1475 1560
1475 1599
1475 1920
1476 1477
1476 1583
1477 1478
1478 1479
1478 1812
1479 1480
1479 1513
1479 1708
1480 1481
1480 1482
1481 1482
1482 1483
1483 1484
1483 1626
1483 1874
1484 1485
1484 1718
1484 1773
1484 1846
1485 1486
1485 1813
1486 1487
1487 1488
1488 1489
1488 1582
1488 1688
1488 1835
1488 1851
1489 1490
1489 1532
1490 1491
1490 1826
1491 1492
1491 1879
1492 1493
1492 1870
1493 1494
1493 1939
1494 1495
1494 1618
1494 1846
1494 1926
1495 1496
1496 1497
1496 1779
1497 1498
1497 1528
1498 1499
1499 1500
1499 1646
1500 1501
1500 1592
1500 1619
1500 1928
1501 1502
1501 1618
1501 1790
1501 1828
1502 1503
1502 1896
1503 1504
1504 1505
1505 1506
1505 1536
1506 1507
1507 1508
1507 1863
1508 1509
1508 1623
1508 1654
1509 1510
1509 1572
1510 1511
1510 1698
1510 1840
1511 1512
1512 1513
1513 1514
1513 1517
1513 1548
1513 1711
1514 1515
1515 1516
1515 1714
1515 1737
1516 1517
1516 1539
1516 1553
1517 1518
1517 1905
1518 1519
1519 1520
1519 1662
1519 1676
1520 1521
1521 1522
1521 1772
1522 1523
1523 1524
1523 1670
1523 1857
1524 1525
1524 1584
1524 1593
1524 1968
1525 1526
1526 1527
1526 1848
1527 1528
1527 1631
1528 1529
1529 1530
1530 1531
1531 1532
1532 1533
1532 1694
1533 1534
1533 1701
1534 1535
1535 1536
1535 1619
1535 1761
1536 1537
1537 1538
1538 1539
1538 1558
1539 1540
1539 1685
1539 1872
1539 1943
1540 1541
1540 1768
1540 1858
1541 1542
1541 1555
1542 1543
1543 1544
1543 1608
1544 1545
1545 1546
1545 1908
1546 1547
1546 1555
1547 1548
1547 1953
1548 1549
1548 1736
1549 1550
1550 1551
1550 1763
1551 1552
1552 1553
1553 1554
1554 1555
1555 1556
1556 1557
1557 1558
1558 1559
1558 1632
1559 1560
1559 1635
1559 1673
1560 1561
1561 1562
1561 1589
1561 1636
1562 1563
1562 1759
1563 1564
1563 1910
1564 1565
1565 1566
1565 1582
1565 1693
1566 1567
1566 1777
1566 1873
1567 1568
1567 1892
1568 1569
1569 1570
1569 1741
1569 1929
1570 1571
1571 1572
1571 1582
1571 1916
1572 1573
1573 1574
1574 1575
1575 1576
1575 1807
1576 1577
1576 1954
1577 1578
1578 1579
1579 1580
1580 1581
1581 1582
1582 1583
1582 1683
1583 1584
1583 1585
1583 1904
1584 1585
1584 1879
1585 1586
1585 1863
1585 1911
1586 1587
1586 1841
1586 1959
1587 1588
1587 1827
1588 1589
1589 1590
1590 1591
1590 1920
1591 1592
1591 1871
1592 1593
1593 1594
1594 1595
1595 1596
1595 1599
1595 1696
1596 1597
1597 1598
1598 1599
1598 1716
1598 1745
1599 1600
1599 1918
1600 1601
1600 1661
1600 1949
1601 1602
1601 1883
1602 1603
1602 1737
1602 1800
1603 1604
1604 1605
1605 1606
1606 1607
1606 1938
1607 1608
1607 1900
1608 1609
1608 1935
1609 1610
1610 1611
1610 1846
1611 1612
1612 1613
1612 1876
1613 1614
1614 1615
1615 1616
1616 1617
1616 1856
1616 1904
1617 1618
1617 1854
1618 1619
1619 1620
1620 1621
1621 1622
1621 1917
1622 1623
1623 1624
1624 1625
1625 1626
1626 1627
1626 1928
1627 1628
1627 1917
1628 1629
1628 1774
1629 1630
1630 1631
1630 1660
1631 1632
1632 1633
1633 1634
1634 1635
1634 1855
1635 1636
1635 1876
1635 1927
1636 1637
1637 1638
1638 1639
1638 1684
1639 1640
1640 1641
1640 1717
1640 1723
1641 1642
1642 1643
1643 1644
1644 1645
1645 1646
1645 1670
1646 1647
1646 1914
1647 1648
1648 1649
1649 1650
1650 1651
1651 1652
1651 1817
1652 1653
1653 1654
1654 1655
1654 1830
1655 1656
1655 1690
1655 1695
1656 1657
1656 1768
1657 1658
1658 1659
1659 1660
1660 1661
1660 1886
1661 1662
1662 1663
1662 1849
1663 1664
1664 1665
1665 1666
1666 1667
1666 1899
1667 1668
1668 1669
1668 1934
1669 1670
1669 1848
1670 1671
1670 1845
1671 1672
1671 1964
1672 1673
1672 1703
1672 1909
1673 1674
1673 1880
1674 1675
1675 1676
1675 1713
1675 1759
1675 1796
1675 1917
1676 1677
1676 1920
1677 1678
1677 1780
1678 1679
1679 1680
1680 1681
1681 1682
1681 1914
1682 1683
1683 1684
1684 1685
1685 1686
1686 1687
1687 1688
1688 1689
1689 1690
1690 1691
1691 1692
1692 1693
1692 1864
1692 1936
1693 1694
1694 1695
1694 1819
1695 1696
1696 1697
1697 1698
1698 1699
1698 1715
1699 1700
1699 1910
1700 1701
1701 1702
1702 1703
1702 1881
1703 1704
1703 1920
1704 1705
1705 1706
1705 1918
1706 1707
1707 1708
1708 1709
1709 1710
1709 1804
1710 1711
1710 1921
1711 1712
1712 1713
1713 1714
1713 1901
1714 1715
1715 1716
1715 1919
1715 1966
1716 1717
1717 1718
1718 1719
1719 1720
1720 1721
1720 1793
1721 1722
1721 1908
1722 1723
1723 1724
1724 1725
1724 1883
1725 1726
1726 1727
1726 1876
1727 1728
1728 1729
1729 1730
1729 1877
1729 1939
1730 1731
1730 1745
1730 1944
1731 1732
1731 1962
1731 1966
1732 1733
1732 1861
1733 1734
1734 1735
1735 1736
1735 1879
1736 1737
1736 1822
1736 1869
1736 1963
1737 1738
1738 1739
1739 1740
1739 1750
1740 1741
1741 1742
1742 1743
1743 1744
1744 1745
1745 1746
1745 1898
1746 1747
1746 1925
1747 1748
1747 1942
1748 1749
1749 1750
1750 1751
1751 1752
1752 1753
1753 1754
1753 1818
1754 1755
1755 1756
1756 1757
1756 1939
1757 1758
1757 1833
1758 1759
1758 1947
1759 1760
1760 1761
1761 1762
1762 1763
1763 1764
1764 1765
1765 1766
1765 1902
1765 1958
1766 1767
1767 1768
1767 1837
1768 1769
1768 1957
1769 1770
1770 1771
1770 1886
1771 1772
1771 1835
1771 1894
1771 1905
1772 1773
1772 1781
1773 1774
1774 1775
1774 1809
1775 1776
1775 1954
1776 1777
1777 1778
1778 1779
1779 1780
1780 1781
1780 1830
1781 1782
1782 1783
1783 1784
1784 1785
1785 1786
1785 1853
1785 1932
1786 1787
1786 1905
1787 1788
1787 1874
1788 1789
1789 1790
1790 1791
1791 1792
1791 1843
1792 1793
1793 1794
1794 1795
1795 1796
1795 1966
1796 1797
1796 1839
1796 1862
1797 1798
1798 1799
1798 1934
1799 1800
1799 1902
1800 1801
1801 1802
1801 1872
1802 1803
1803 1804
1803 1950
1804 1805
1805 1806
1806 1807
1807 1808
1807 1897
1808 1809
1809 1810
1810 1811
1810 1899
1811 1812
1812 1813
1813 1814
1813 1968
1814 1815
1814 1895
1815 1816
1816 1817
1817 1818
1818 1819
1818 1898
1819 1820
1820 1821
1821 1822
1822 1823
1823 1824
1824 1825
1824 1874
1825 1826
1826 1827
1827 1828
1828 1829
1828 1911
1829 1830
1830 1831
1831 1832
1832 1833
1832 1853
1833 1834
1833 1892
1834 1835
1834 1920
1835 1836
1835 1914
1836 1837
1837 1838
1838 1839
1838 1936
1839 1840
1840 1841
1841 1842
1841 1852
1842 1843
1843 1844
1844 1845
1845 1846
1846 1847
1847 1848
1848 1849
1848 1910
1849 1850
1850 1851
1851 1852
1851 1877
1852 1853
1853 1854
1854 1855
1855 1856
1856 1857
1857 1858
1858 1859
1859 1860
1859 1889
1860 1861
1860 1942
1861 1862
1861 1964
1862 1863
1863 1864
1864 1865
1865 1866
1866 1867
1866 1898
1866 1899
1867 1868
1868 1869
1869 1870
1869 1920
1870 1871
1871 1872
1872 1873
1873 1874
1874 1875
1875 1876
1875 1878
1876 1877
1877 1878
1878 1879
1879 1880
1879 1917
1880 1881
1881 1882
1882 1883
1883 1884
1884 1885
1884 1936
1885 1886
1886 1887
1886 1939
1887 1888
1888 1889
1889 1890
1890 1891
1891 1892
1892 1893
1893 1894
1894 1895
1895 1896
1896 1897
1897 1898
1898 1899
1899 1900
1900 1901
1901 1902
1902 1903
1903 1904
1903 1923
1904 1905
1904 1927
1904 1947
1905 1906
1906 1907
1906 1967
1907 1908
1908 1909
1909 1910
1910 1911
1911 1912
1912 1913
1913 1914
1914 1915
1915 1916
1916 1917
1917 1918
1918 1919
1919 1920
1920 1921
1921 1922
1922 1923
1923 1924
1924 1925
1925 1926
1926 1927
1927 1928
1928 1929
1929 1930
1930 1931
1931 1932
1932 1933
1933 1934
1934 1935
1935 1936
1936 1937
1937 1938
1938 1939
1939 1940
1940 1941
1941 1942
1942 1943
1943 1944
1944 1945
1945 1946
1946 1947
1946 1948
1947 1948
1948 1949
1949 1950
1950 1951
1951 1952
1952 1953
1953 1954
1954 1955
1955 1956
1956 1957
1957 1958
1958 1959
1959 1960
1960 1961
1961 1962
1962 1963
1963 1964
1964 1965
1965 1966
1966 1967
1967 1968
1969 1970
1969 1973
1969 1974
1969 1988
1969 1999
1969 2011
1969 2031
1969 2046
1970 1971
1970 1977
1970 2002
1970 2005
1970 2017
1971 1972
1971 1990
1971 2013
1971 2026
1971 2034
1971 2037
1972 1973
1972 1975
1972 1994
1972 1995
1972 1998
1972 1999
1973 1974
1973 2037
1973 2042
1974 1975
1974 2024
1974 2026
1975 1976
1975 1981
1975 2008
1975 2026
1976 1977
1976 1996
1977 1978
1977 1997
1977 2021
1977 2028
1978 1979
1978 1983
1978 2007
1979 1980
1979 1986
1979 1994
1979 1996
1979 2014
1979 2019
1979 2034
1980 1981
1980 2002
1980 2037
1981 1982
1981 1984
1981 1991
1981 2001
1981 2004
1981 2022
1981 2027
1981 2045
1982 1983
1982 2000
1982 2001
1982 2018
1982 2031
1982 2037
1982 2040
1983 1984
1983 2036
1984 1985
1984 1990
1984 2029
1984 2047
1985 1986
1985 2013
1985 2016
1985 2033
1985 2040
1985 2047
1986 1987
1986 1989
1986 1994
1986 2018
1986 2039
1987 1988
1987 2036
1987 2045
1988 1998
1989 1990
1989 2000
1989 2020
1989 2031
1989 2047
1990 1991
1990 2006
1990 2015
1990 2017
1990 2041
1990 2045
1991 1992
1991 2017
1991 2036
1992 1993
1992 1995
1992 2019
1992 2039
1992 2044
1993 1994
1993 2000
1993 2003
1993 2025
1993 2029
1994 1995
1994 2044
1995 1996
1995 2010
1995 2023
1995 2028
1996 1997
1996 2023
1996 2028
1997 1998
1997 2017
1997 2019
1997 2024
1997 2044
1997 2046
1998 1999
1998 2020
1998 2025
1998 2045
1999 2000
1999 2004
1999 2024
1999 2028
2000 2001
2000 2013
2000 2019
2000 2040
2001 2002
2001 2040
2001 2043
2002 2003
2002 2014
2003 2004
2003 2013
2003 2035
2004 2005
2004 2009
2004 2016
2004 2035
2005 2006
2005 2007
2005 2032
2006 2007
2006 2022
2006 2027
2006 2040
2007 2008
2007 2047
2008 2009
2009 2010
2009 2013
2010 2011
2011 2012
2011 2035
2012 2013
2013 2014
2013 2031
2013 2033
2013 2034
2013 2035
2013 2040
2014 2015
2014 2041
2015 2016
2015 2026
2016 2017
2016 2023
2016 2043
2017 2018
2018 2019
2018 2041
2018 2044
2019 2020
2019 2039
2020 2021
2020 2032
2021 2022
2022 2023
2022 2041
2022 2046
2023 2024
2023 2046
2024 2025
2024 2032
2025 2026
2025 2036
2026 2027
2027 2028
2027 2045
2028 2029
2028 2034
2028 2042
2029 2030
2030 2031
2030 2042
2031 2032
2032 2033
2033 2034
2033 2037
2034 2035
2034 2038
2035 2036
2035 2037
2036 2037
2036 2038
2036 2047
2037 2038
2038 2039
2039 2040
2039 2045
2040 2041
2040 2044
2041 2042
2041 2044
2042 2043
2043 2044
2044 2045
2045 2046
2046 2047
