 n1024d32s7.txt  1024   31406   0.041021108627319336
 n1024d32s8.txt  1024   31510   0.042500972747802734
 n1024d32s9.txt  1024   32273   0.04337716102600098
 n1024d3s1.txt  1024   3071   0.005499124526977539
 n1024d3s2.txt  1024   3049   0.006016969680786133
 n1024d3s3.txt  1024   3090   0.005666017532348633
 n1024d6s4.txt  1024   5980   0.008585214614868164
 n1024d6s5.txt  1024   6030   0.009450912475585938
 n1024d6s6.txt  1024   6153   0.009062767028808594
 n128d11s7.txt  128   1357   0.0016853809356689453
 n128d11s8.txt  128   1224   0.001650094985961914
 n128d11s9.txt  128   1373   0.001748800277709961
 n128d3s1.txt  128   375   0.0007350444793701172
 n128d3s2.txt  128   363   0.0005331039428710938
 n128d3s3.txt  128   365   0.0005698204040527344
 n128d6s4.txt  128   754   0.0010559558868408203
 n128d6s5.txt  128   676   0.000982046127319336
 n128d6s6.txt  128   714   0.0009958744049072266
 n16d3s1.txt  16   30   0.00013208389282226562
 n16d3s2.txt  16   38   6.699562072753906e-05
 n16d3s3.txt  16   47   0.0001201629638671875
 n16d4s7.txt  16   45   8.487701416015625e-05
 n16d4s8.txt  16   62   0.0001442432403564453
 n16d4s9.txt  16   38   0.0001819133758544922
 n16d6s4.txt  16   86   0.00023603439331054688
 n16d6s5.txt  16   30   6.818771362304688e-05
 n16d6s6.txt  16   58   9.703636169433594e-05
 n256d16s7.txt  256   3957   0.007999181747436523
 n256d16s8.txt  256   3995   0.005451679229736328
 n256d16s9.txt  256   3773   0.006357908248901367
 n256d3s1.txt  256   740   0.0012331008911132812
 n256d3s2.txt  256   767   0.0012440681457519531
 n256d3s3.txt  256   752   0.0021500587463378906
 n256d6s4.txt  256   1492   0.0021278858184814453
 n256d6s5.txt  256   1508   0.002624034881591797
 n256d6s6.txt  256   1499   0.0021712779998779297
 n32d3s1.txt  32   83   0.00021505355834960938
 n32d3s2.txt  32   85   0.00014281272888183594
 n32d3s3.txt  32   79   0.00013184547424316406
 n32d6s4.txt  32   145   0.0002090930938720703
 n32d6s5.txt  32   186   0.0002510547637939453
 n32d6s6.txt  32   147   0.00021409988403320312
 n32d6s7.txt  32   110   0.00017786026000976562
 n32d6s8.txt  32   168   0.0002110004425048828
 n32d6s9.txt  32   140   0.00020194053649902344
 n512d23s7.txt  512   10741   0.014241695404052734
 n512d23s8.txt  512   11213   0.014403104782104492
 n512d23s9.txt  512   11587   0.014511823654174805
 n512d3s1.txt  512   1521   0.0023276805877685547
 n512d3s2.txt  512   1535   0.0023810863494873047
 n512d3s3.txt  512   1540   0.0023539066314697266
 n512d6s4.txt  512   3099   0.005178213119506836
 n512d6s5.txt  512   3004   0.005115032196044922
 n512d6s6.txt  512   2977   0.00494694709777832
 n64d3s1.txt  64   166   0.00023293495178222656
 n64d3s2.txt  64   178   0.00035119056701660156
 n64d3s3.txt  64   169   0.0002532005310058594
 n64d6s4.txt  64   347   0.00047516822814941406
 n64d6s5.txt  64   364   0.00049591064453125
 n64d6s6.txt  64   373   0.0005121231079101562
 n64d8s7.txt  64   379   0.0005900859832763672
 n64d8s8.txt  64   428   0.0005528926849365234
 n64d8s9.txt  64   385   0.0005362033843994141
